0.0 -25.400545120239258 15.613170623779297 0.9310385584831238
0.0096 -28.063961029052734 12.344170570373535 0.7818679809570313
0.0192 -29.850677490234375 8.75811767578125 0.7548015713691711
0.0288 -31.789230346679688 4.641176223754883 0.714630126953125
0.0384 -33.08148193359375 -0.7082633972167969 0.6725231409072876
0.047999999999999994 -35.01031494140625 -6.233007431030273 0.6099106669425964
0.0576 -36.355682373046875 -12.476949691772461 0.5582139492034912
0.0672 -38.31104278564453 -19.687633514404297 0.44746312499046326
0.0768 -40.158546447753906 -26.794279098510742 0.38906872272491455
0.0864 -42.56742477416992 -33.616539001464844 0.3385486602783203
0.09599999999999999 -44.648216247558594 -41.70502471923828 0.2715138792991638
0.1056 -47.47062683105469 -50.10826110839844 0.1823750138282776
0.1152 -50.40076446533203 -59.359535217285156 0.11920078098773956
0.1248 -52.497432708740234 -68.32758331298828 0.07336005568504333
0.1344 -55.18926239013672 -76.4881591796875 -0.031402572989463806
0.144 -57.06993865966797 -85.38520812988281 -0.08931631594896317
0.1536 -58.54230499267578 -95.09161376953125 -0.17280372977256775
0.1632 -59.977657318115234 -105.05928039550781 -0.12579549849033356
0.1728 -61.60935592651367 -114.04075622558594 -0.2587560713291168
0.18239999999999998 -62.42898178100586 -124.16648864746094 -0.1982678323984146
0.19199999999999998 -64.4564208984375 -134.3919219970703 -0.3409547507762909
0.2016 -65.97856903076172 -145.1334991455078 -0.3986247777938843
0.2112 -68.00743103027344 -156.14022827148438 -0.5106719732284546
0.2208 -69.09446716308594 -167.3143310546875 -0.5039280652999878
0.2304 -71.00541687011719 -178.99520874023438 -0.608176589012146
0.24 -72.69259643554688 -191.0127410888672 -0.6730690598487854
0.2496 -73.3611068725586 -202.9946746826172 -0.5759293437004089
0.2592 -73.62190246582031 -215.54736328125 -0.6192283034324646
0.2688 -73.68815612792969 -228.76220703125 -0.6063922047615051
0.2784 -74.53385925292969 -242.11114501953125 -0.6361228227615356
0.288 -73.95056915283203 -255.90350341796875 -0.6180808544158936
0.29760000000000003 -74.48005676269531 -269.3622741699219 -0.6255999207496643
0.3072 -75.2262954711914 -282.7886962890625 -0.6227001547813416
0.31679999999999997 -75.13912200927734 -297.51611328125 -0.6266887784004211
0.3264 -75.51358032226563 -311.6268310546875 -0.6074584126472473
0.33599999999999997 -75.96483612060547 -326.18035888671875 -0.6462637782096863
0.3456 -75.78392028808594 -341.64471435546875 -0.5702471733093262
0.35519999999999996 -76.22991943359375 -356.9728088378906 -0.5858872532844543
0.36479999999999996 -76.31582641601563 -373.0460510253906 -0.6463766694068909
0.3744 -76.44683837890625 -389.2838134765625 -0.5688132643699646
0.38399999999999995 -75.869140625 -405.100830078125 -0.6171087622642517
0.3936 -76.41902160644531 -421.3577880859375 -0.583620011806488
0.4032 -76.49714660644531 -437.3798828125 -0.6105445623397827
0.41279999999999994 -75.95704650878906 -454.5875244140625 -0.6391005516052246
0.4224 -76.48934936523438 -472.23828125 -0.5613769888877869
0.43199999999999994 -77.23359680175781 -489.2755126953125 -0.6429905295372009
0.4416 -77.15673828125 -506.88873291015625 -0.6645370125770569
0.4512 -77.62521362304688 -524.0411987304688 -0.536274790763855
0.4608 -77.42631530761719 -542.0682373046875 -0.6297650933265686
0.4704 -77.62382507324219 -560.3682861328125 -0.6569472551345825
0.48 -77.40399169921875 -579.1954345703125 -0.6806961297988892
0.4896 -77.38487243652344 -597.3568725585938 -0.6839914321899414
0.4992 -77.52688598632813 -615.8560180664063 -0.6590186357498169
0.5088 -77.3856201171875 -634.5025024414063 -0.6251822113990784
0.5184 -76.6522216796875 -653.0419921875 -0.55977863073349
0.5279999999999999 -76.87017822265625 -671.7385864257813 -0.5681787133216858
0.5376 -77.36099243164063 -691.7557373046875 -0.5685362815856934
0.5472 -77.00375366210938 -711.3535766601563 -0.6576734185218811
0.5568 -77.00137329101563 -730.925537109375 -0.6656596064567566
0.5664 -77.21694946289063 -751.1788940429688 -0.617466926574707
0.576 -77.31854248046875 -770.725341796875 -0.5823111534118652
0.5856 -77.04299926757813 -790.5999755859375 -0.5992674827575684
0.5952000000000001 -77.09902954101563 -810.5174560546875 -0.5906070470809937
0.6048 -77.78524780273438 -829.771240234375 -0.6608656644821167
0.6144 -77.60598754882813 -849.397216796875 -0.6141117811203003
0.624 -77.68795776367188 -869.0288696289063 -0.6793096661567688
0.6335999999999999 -78.07861328125 -888.8075561523438 -0.6422514319419861
0.6432 -78.11349487304688 -910.2003173828125 -0.642244279384613
0.6528 -77.87234497070313 -932.0804443359375 -0.613107442855835
0.6624 -78.32815551757813 -952.8433227539063 -0.6508880853652954
0.6719999999999999 -78.19833374023438 -973.9653930664063 -0.6250513792037964
0.6815999999999999 -77.79940795898438 -995.7337646484375 -0.6288005709648132
0.6912 -77.666748046875 -1017.7406616210938 -0.6309067606925964
0.7008 -77.92529296875 -1039.597900390625 -0.6091772317886353
0.7103999999999999 -77.83016967773438 -1062.046875 -0.6036913990974426
0.72 -78.11166381835938 -1084.44775390625 -0.6390209794044495
0.7295999999999999 -78.04769897460938 -1106.3843994140625 -0.6287627816200256
0.7392 -77.81625366210938 -1127.5687255859375 -0.5908591151237488
0.7488 -77.90802001953125 -1149.591796875 -0.6144339442253113
0.7584 -77.91146850585938 -1171.1962890625 -0.5874124765396118
0.7679999999999999 -78.17349243164063 -1193.47216796875 -0.607510507106781
0.7776 -77.83218383789063 -1216.0267333984375 -0.5926424264907837
0.7872 -78.23199462890625 -1238.908203125 -0.6099116206169128
0.7968 -78.47491455078125 -1262.36669921875 -0.657418966293335
0.8064 -77.909423828125 -1286.5283203125 -0.5898314714431763
0.816 -78.1439208984375 -1309.0975341796875 -0.6900888085365295
0.8255999999999999 -77.8267822265625 -1333.066650390625 -0.6976308226585388
0.8352 -77.81817626953125 -1357.0347900390625 -0.6263896822929382
0.8448 -77.60003662109375 -1380.8690185546875 -0.6128579378128052
0.8543999999999999 -77.88702392578125 -1404.9166259765625 -0.6475176811218262
0.8639999999999999 -77.44305419921875 -1428.983154296875 -0.6305303573608398
0.8735999999999999 -77.368408203125 -1452.66357421875 -0.57989102602005
0.8832 -77.3690185546875 -1475.9732666015625 -0.6280638575553894
0.8927999999999999 -77.90423583984375 -1499.38720703125 -0.6493985652923584
0.9024 -77.76885986328125 -1523.9932861328125 -0.605622410774231
0.9119999999999999 -77.4254150390625 -1548.1810302734375 -0.6982596516609192
0.9216 -77.6265869140625 -1572.7119140625 -0.5999606251716614
0.9312 -77.51800537109375 -1598.0716552734375 -0.6511911749839783
0.9408 -77.9520263671875 -1622.4332275390625 -0.5736840963363647
0.9503999999999999 -77.4283447265625 -1646.07763671875 -0.5988805294036865
0.96 -77.81048583984375 -1671.62060546875 -0.597025454044342
0.9696 -77.48602294921875 -1696.91357421875 -0.6102362275123596
0.9792 -77.82037353515625 -1721.8466796875 -0.6114757657051086
0.9888 -77.638427734375 -1747.644775390625 -0.591821551322937
0.9984 -77.8009033203125 -1773.991943359375 -0.6122667789459229
1.008 -77.71746826171875 -1800.9287109375 -0.6574695110321045
1.0176 -77.48297119140625 -1827.0552978515625 -0.6248517632484436
1.0272 -77.81787109375 -1853.7086181640625 -0.643850564956665
1.0368 -77.49774169921875 -1880.240234375 -0.6358056664466858
1.0464 -77.7791748046875 -1907.081787109375 -0.7186712026596069
1.0559999999999998 -77.6287841796875 -1933.208984375 -0.6847987771034241
1.0656 -77.1875 -1960.543701171875 -0.6634687185287476
1.0752 -77.04083251953125 -1987.034423828125 -0.6490596532821655
1.0848 -77.32696533203125 -2014.77099609375 -0.6452729105949402
1.0944 -77.38055419921875 -2041.984619140625 -0.5907844305038452
1.1039999999999999 -77.2252197265625 -2068.887451171875 -0.5946520566940308
1.1136 -77.0572509765625 -2096.283935546875 -0.6251766085624695
1.1232 -77.333251953125 -2122.6318359375 -0.6052904725074768
1.1328 -77.134765625 -2150.3076171875 -0.6761667728424072
1.1423999999999999 -77.103759765625 -2177.656982421875 -0.6238081455230713
1.152 -76.9053955078125 -2205.54052734375 -0.6135101914405823
1.1616 -76.80584716796875 -2234.03955078125 -0.657063364982605
1.1712 -77.1502685546875 -2261.947265625 -0.6296385526657104
1.1807999999999998 -76.8369140625 -2290.427490234375 -0.666294515132904
1.1904000000000001 -77.53045654296875 -2318.5283203125 -0.6743384599685669
1.2 -77.76849365234375 -2347.1318359375 -0.6557347178459167
1.2096 -77.6011962890625 -2376.385986328125 -0.7128723859786987
1.2192 -77.405029296875 -2404.704345703125 -0.6207372546195984
1.2288 -77.734375 -2433.5087890625 -0.638585090637207
1.2384 -77.5968017578125 -2462.384521484375 -0.6416453719139099
1.248 -77.606689453125 -2491.715087890625 -0.6069363951683044
1.2575999999999998 -77.716064453125 -2520.89404296875 -0.6504424214363098
1.2671999999999999 -77.1390380859375 -2550.51416015625 -0.6574346423149109
1.2768000000000002 -77.47900390625 -2579.319091796875 -0.6559669971466064
1.2864 -77.0941162109375 -2608.58203125 -0.6515908241271973
1.296 -77.4697265625 -2637.293212890625 -0.6210364699363708
1.3056 -77.537841796875 -2665.7685546875 -0.6856706738471985
1.3152 -77.0133056640625 -2695.3369140625 -0.638405442237854
1.3248 -76.735107421875 -2725.127197265625 -0.589604914188385
1.3343999999999998 -76.7740478515625 -2753.946533203125 -0.6141343712806702
1.3439999999999999 -77.01708984375 -2783.899169921875 -0.5761567950248718
1.3536 -76.3463134765625 -2813.651123046875 -0.6029233932495117
1.3631999999999997 -76.845458984375 -2843.853515625 -0.6154838800430298
1.3728 -76.529052734375 -2874.2578125 -0.5805116295814514
1.3824 -76.887451171875 -2904.4130859375 -0.6321119666099548
1.392 -76.726318359375 -2935.15966796875 -0.6047505736351013
1.4016 -77.0406494140625 -2964.84814453125 -0.6241776347160339
1.4112 -76.99951171875 -2995.02197265625 -0.6106057167053223
1.4207999999999998 -77.0498046875 -3025.38330078125 -0.6189043521881104
1.4304 -76.694580078125 -3055.720458984375 -0.6665518879890442
1.44 -76.7259521484375 -3086.080078125 -0.5776864290237427
1.4495999999999998 -76.8203125 -3116.67626953125 -0.5962656140327454
1.4591999999999998 -76.588134765625 -3146.96728515625 -0.6317964196205139
1.4688 -76.8499755859375 -3178.29541015625 -0.6658310890197754
1.4784 -77.0716552734375 -3209.576416015625 -0.6319470405578613
1.488 -76.69677734375 -3241.0576171875 -0.6458500027656555
1.4976 -76.6209716796875 -3272.404296875 -0.5978033542633057
1.5071999999999999 -76.7845458984375 -3303.285400390625 -0.5696638226509094
1.5168 -76.8966064453125 -3333.227294921875 -0.5603351593017578
1.5264 -77.521240234375 -3363.494140625 -0.637279212474823
1.5359999999999998 -77.41357421875 -3393.33154296875 -0.6476024985313416
1.5455999999999999 -77.7003173828125 -3423.73974609375 -0.6270730495452881
1.5552 -77.170654296875 -3455.3193359375 -0.6163402199745178
1.5648 -77.0218505859375 -3487.5263671875 -0.6496322751045227
1.5744 -76.82470703125 -3519.559326171875 -0.5527515411376953
1.584 -76.339599609375 -3551.8134765625 -0.5070371627807617
1.5936 -76.519775390625 -3583.1435546875 -0.5545775294303894
1.6032 -76.221923828125 -3614.68798828125 -0.5471267104148865
1.6128 -76.831787109375 -3647.419189453125 -0.5665314793586731
1.6223999999999998 -76.350830078125 -3679.89990234375 -0.5401543974876404
1.632 -76.7568359375 -3712.4326171875 -0.5463454127311707
1.6415999999999997 -76.5235595703125 -3744.51953125 -0.6383017897605896
1.6511999999999998 -77.0008544921875 -3775.91650390625 -0.5671873092651367
1.6608 -76.9505615234375 -3808.94482421875 -0.5226474404335022
1.6704 -76.7532958984375 -3841.926513671875 -0.5559512972831726
1.68 -77.009033203125 -3874.798828125 -0.6061210036277771
1.6896 -77.0244140625 -3906.981201171875 -0.5471140146255493
1.6991999999999998 -76.7139892578125 -3939.45703125 -0.6372136473655701
1.7087999999999999 -76.8035888671875 -3972.408203125 -0.6331225633621216
1.7184 -76.77783203125 -4004.4111328125 -0.5485492944717407
1.7279999999999998 -76.650390625 -4036.4287109375 -0.6079716086387634
1.7375999999999998 -76.4765625 -4069.46484375 -0.5520319938659668
1.7471999999999999 -76.614990234375 -4102.7587890625 -0.5746700167655945
1.7568000000000001 -77.1353759765625 -4135.3779296875 -0.6205847263336182
1.7664 -77.145263671875 -4168.91796875 -0.62638920545578
1.776 -77.36181640625 -4202.1513671875 -0.6285701990127563
1.7855999999999999 -76.7564697265625 -4235.38818359375 -0.5736057758331299
1.7952 -77.1148681640625 -4269.9189453125 -0.6598806977272034
1.8048 -76.9906005859375 -4303.0546875 -0.5737556219100952
1.8143999999999998 -76.802001953125 -4336.431640625 -0.5641876459121704
1.8239999999999998 -76.8057861328125 -4369.8095703125 -0.621627926826477
1.8336 -76.5987548828125 -4403.30859375 -0.5882251858711243
1.8432 -76.8284912109375 -4437.8212890625 -0.6062204241752625
1.8528 -76.5577392578125 -4472.16455078125 -0.561530351638794
1.8624 -77.4510498046875 -4505.87939453125 -0.6376529932022095
1.8719999999999999 -77.7845458984375 -4539.25927734375 -0.6817744374275208
1.8816 -78.0343017578125 -4573.181640625 -0.5957967042922974
1.8912 -77.2698974609375 -4608.1953125 -0.6267402768135071
1.9007999999999998 -77.4344482421875 -4643.146484375 -0.6010612845420837
1.9103999999999999 -77.4010009765625 -4677.06005859375 -0.647122859954834
1.92 -77.4931640625 -4711.7158203125 -0.5814138054847717
1.9295999999999998 -77.4271240234375 -4746.0673828125 -0.5616236925125122
1.9392 -77.521728515625 -4781.4697265625 -0.5884608626365662
1.9488 -76.837890625 -4816.6728515625 -0.554573118686676
1.9584 -76.9423828125 -4851.5849609375 -0.6232050061225891
1.968 -77.309326171875 -4886.6142578125 -0.5751583576202393
1.9776 -77.063232421875 -4921.0048828125 -0.650966465473175
1.9871999999999999 -77.2822265625 -4956.03173828125 -0.6404454708099365
1.9968 -77.20166015625 -4991.712890625 -0.5919827222824097
2.0063999999999997 -76.58447265625 -5026.87548828125 -0.5808603167533875
2.016 -76.865966796875 -5061.802734375 -0.5962627530097961
2.0256 -76.146484375 -5097.69677734375 -0.5179058313369751
2.0352 -76.86669921875 -5133.3564453125 -0.5893752574920654
2.0448 -76.764404296875 -5168.427734375 -0.5279203057289124
2.0544 -76.9833984375 -5204.169921875 -0.5870377421379089
2.064 -77.270263671875 -5239.0400390625 -0.5514050722122192
2.0736 -77.239013671875 -5274.6865234375 -0.6204490661621094
2.0831999999999997 -77.643798828125 -5311.2509765625 -0.6525214314460754
2.0928 -78.0244140625 -5347.22119140625 -0.6342464089393616
2.1024 -77.483154296875 -5382.63134765625 -0.6204972267150879
2.1119999999999997 -77.182373046875 -5418.72021484375 -0.6336014866828918
2.1216 -77.27587890625 -5454.833984375 -0.5528172254562378
2.1312 -77.337158203125 -5490.32421875 -0.6411690711975098
2.1408 -77.254638671875 -5527.24169921875 -0.5899224877357483
2.1504 -77.1142578125 -5563.8623046875 -0.6160116791725159
2.16 -77.204833984375 -5600.2509765625 -0.5717082619667053
2.1696 -77.334716796875 -5636.48388671875 -0.5596539974212646
2.1792 -77.199462890625 -5671.8466796875 -0.5874001383781433
2.1888 -77.3212890625 -5707.462890625 -0.6394885778427124
2.1984 -77.142822265625 -5744.4638671875 -0.5564400553703308
2.2079999999999997 -77.1318359375 -5781.14013671875 -0.5818043351173401
2.2175999999999996 -77.297119140625 -5817.462890625 -0.6522489190101624
2.2272 -77.3076171875 -5853.69140625 -0.5993266105651855
2.2368 -77.365234375 -5890.31591796875 -0.6468948125839233
2.2464 -77.39794921875 -5926.63671875 -0.614100456237793
2.256 -76.836181640625 -5963.3408203125 -0.5694293975830078
2.2656 -76.993896484375 -6000.4443359375 -0.6367643475532532
2.2752 -77.216064453125 -6038.068359375 -0.6315774321556091
2.2847999999999997 -77.42431640625 -6075.15283203125 -0.604652464389801
2.2944 -76.957763671875 -6111.78466796875 -0.606035590171814
2.304 -77.16455078125 -6148.931640625 -0.5609633922576904
2.3135999999999997 -77.1865234375 -6186.5185546875 -0.6116597056388855
2.3232 -77.074951171875 -6224.115234375 -0.5727199912071228
2.3327999999999998 -77.240966796875 -6261.33544921875 -0.6189457178115845
2.3424 -77.042236328125 -6297.541015625 -0.654340922832489
2.352 -77.141845703125 -6334.416015625 -0.5908564329147339
2.3615999999999997 -76.9345703125 -6371.8818359375 -0.6223220825195313
2.3712 -77.231201171875 -6409.1484375 -0.579346776008606
2.3808000000000002 -76.84228515625 -6445.83837890625 -0.602223813533783
2.3903999999999996 -77.41162109375 -6482.55810546875 -0.5641393065452576
2.4 -77.18310546875 -6519.587890625 -0.6440929174423218
2.4095999999999997 -76.648681640625 -6556.2109375 -0.6311603784561157
2.4192 -77.080810546875 -6594.41064453125 -0.6308223009109497
2.4288 -76.874755859375 -6632.0380859375 -0.6001819372177124
2.4384 -77.008056640625 -6669.9716796875 -0.6224052309989929
2.4479999999999995 -76.5595703125 -6707.93505859375 -0.615998387336731
2.4576 -76.995849609375 -6745.41015625 -0.5315183997154236
2.4672 -77.154541015625 -6783.00244140625 -0.5490662455558777
2.4768 -76.943359375 -6820.720703125 -0.621231198310852
2.4864 -77.17138671875 -6859.06201171875 -0.5720230340957642
2.496 -76.825927734375 -6896.6484375 -0.6505576968193054
2.5056 -76.890869140625 -6934.24853515625 -0.5967852473258972
2.5151999999999997 -77.014892578125 -6971.92626953125 -0.5619780421257019
2.5248 -76.76123046875 -7010.0712890625 -0.5328196287155151
2.5343999999999998 -77.3466796875 -7048.62353515625 -0.4970051646232605
2.544 -77.2587890625 -7087.513671875 -0.5527543425559998
2.5536000000000003 -77.120361328125 -7125.9306640625 -0.5895267724990845
2.5631999999999997 -77.157470703125 -7164.34716796875 -0.6316031217575073
2.5728 -76.837646484375 -7203.0625 -0.5815747976303101
2.5824 -76.95361328125 -7241.763671875 -0.5123015642166138
2.592 -77.327392578125 -7279.5126953125 -0.5548679232597351
2.6016 -77.1240234375 -7317.6845703125 -0.6091830134391785
2.6112 -77.054443359375 -7355.8662109375 -0.6486352682113647
2.6207999999999996 -77.334716796875 -7394.177734375 -0.6382108926773071
2.6304 -77.067626953125 -7433.0029296875 -0.6088272333145142
2.6399999999999997 -77.394775390625 -7471.22607421875 -0.5508670210838318
2.6496 -77.292724609375 -7509.8583984375 -0.6039106845855713
2.6592000000000002 -77.165283203125 -7549.12646484375 -0.593495786190033
2.6687999999999996 -77.179443359375 -7589.40234375 -0.5993930101394653
2.6784 -77.495361328125 -7629.62158203125 -0.5965356826782227
2.6879999999999997 -77.94677734375 -7669.66552734375 -0.6527193188667297
2.6976 -77.604248046875 -7709.01318359375 -0.579064667224884
2.7072 -77.691650390625 -7748.5908203125 -0.6317748427391052
2.7168 -77.558837890625 -7787.27001953125 -0.6054596900939941
2.7263999999999995 -76.888671875 -7826.8896484375 -0.5747025012969971
2.7359999999999998 -77.216552734375 -7865.89892578125 -0.5678950548171997
2.7456 -77.199462890625 -7905.4052734375 -0.5873934030532837
2.7552 -77.520263671875 -7944.55126953125 -0.5921005010604858
2.7648 -77.75244140625 -7984.7021484375 -0.5745745301246643
2.7744 -77.59130859375 -8024.26171875 -0.6826372742652893
2.784 -77.44091796875 -8063.689453125 -0.5887900590896606
2.7935999999999996 -77.6650390625 -8102.8447265625 -0.6299331784248352
2.8032 -77.7890625 -8141.0693359375 -0.6210848689079285
2.8127999999999997 -77.732666015625 -8181.00732421875 -0.5991633534431458
2.8224 -77.795166015625 -8221.23046875 -0.6017349362373352
2.8319999999999994 -77.86279296875 -8261.7421875 -0.6493115425109863
2.8415999999999997 -77.757080078125 -8301.5615234375 -0.5758718252182007
2.8512 -77.218505859375 -8341.3955078125 -0.6101255416870117
2.8608 -77.828857421875 -8381.2890625 -0.6240243911743164
2.8704 -77.80615234375 -8422.3828125 -0.6143198013305664
2.88 -77.83203125 -8462.0732421875 -0.6155328750610352
2.8896 -77.855712890625 -8502.3779296875 -0.6466255784034729
2.8991999999999996 -77.632080078125 -8542.0654296875 -0.6437628269195557
2.9088 -77.907470703125 -8582.08984375 -0.567966103553772
2.9183999999999997 -78.01171875 -8621.2880859375 -0.5833085179328918
2.928 -77.767822265625 -8661.576171875 -0.6623613238334656
2.9376 -77.74365234375 -8702.017578125 -0.6649959087371826
2.9471999999999996 -77.584228515625 -8742.6171875 -0.5983803868293762
2.9568 -77.75537109375 -8783.70703125 -0.6592420935630798
2.9663999999999997 -77.60498046875 -8823.826171875 -0.6432053446769714
2.976 -77.44970703125 -8864.126953125 -0.606992781162262
2.9856 -77.8740234375 -8903.5458984375 -0.605557382106781
2.9952 -77.395751953125 -8943.662109375 -0.5821266770362854
3.0047999999999995 -77.457763671875 -8985.1025390625 -0.6282866597175598
3.0143999999999997 -77.61962890625 -9024.8154296875 -0.6327893733978271
3.0239999999999996 -77.174072265625 -9065.5263671875 -0.655337929725647
3.0336 -77.60009765625 -9105.736328125 -0.6763275265693665
3.0432 -77.40380859375 -9145.4580078125 -0.6447257399559021
3.0528 -77.176025390625 -9186.115234375 -0.6952762007713318
3.0624000000000002 -77.319091796875 -9225.4521484375 -0.6336272358894348
3.0719999999999996 -77.135009765625 -9265.3671875 -0.6676440238952637
3.0816 -76.9091796875 -9305.77734375 -0.6538060903549194
3.0911999999999997 -77.406005859375 -9346.564453125 -0.557807445526123
3.1008 -77.43896484375 -9387.46484375 -0.6072729825973511
3.1104 -77.65087890625 -9428.4130859375 -0.5937726497650146
3.1199999999999997 -77.197998046875 -9469.5341796875 -0.6388309001922607
3.1296 -76.85791015625 -9511.236328125 -0.5915944576263428
3.1391999999999998 -77.3037109375 -9552.7705078125 -0.6368367671966553
3.1488 -77.11474609375 -9593.6171875 -0.5837698578834534
3.1584 -77.09130859375 -9634.9384765625 -0.6596502661705017
3.168 -77.20849609375 -9676.16796875 -0.6508890986442566
3.1775999999999995 -77.318359375 -9716.662109375 -0.7181423902511597
3.1872 -77.42138671875 -9757.7412109375 -0.6709412932395935
3.1967999999999996 -77.5048828125 -9798.732421875 -0.6434114575386047
3.2064 -77.55029296875 -9840.236328125 -0.7475053668022156
3.216 -77.61572265625 -9882.0546875 -0.6845167875289917
3.2256 -77.3798828125 -9923.552734375 -0.649199903011322
3.2352 -77.26318359375 -9965.216796875 -0.6488460302352905
3.2447999999999997 -77.263671875 -10007.166015625 -0.6728612780570984
3.2544 -77.39501953125 -10049.279296875 -0.6082295179367065
3.264 -77.65087890625 -10090.29296875 -0.6457092761993408
3.2736 -76.8798828125 -10132.197265625 -0.6243225932121277
3.2831999999999995 -76.98486328125 -10172.7734375 -0.6221491098403931
3.2927999999999997 -77.67822265625 -10214.9189453125 -0.6705272793769836
3.3023999999999996 -77.62060546875 -10256.654296875 -0.5621826648712158
3.312 -77.515625 -10298.1865234375 -0.6450449228286743
3.3216 -77.43212890625 -10340.5927734375 -0.6222338080406189
3.3312 -77.701171875 -10382.033203125 -0.6326739192008972
3.3408 -77.005859375 -10424.22265625 -0.6211390495300293
3.3503999999999996 -77.3720703125 -10466.9404296875 -0.6195701956748962
3.36 -77.33837890625 -10508.228515625 -0.5970884561538696
3.3695999999999997 -77.29638671875 -10549.8388671875 -0.6357926726341248
3.3792 -77.650390625 -10591.28125 -0.6095544099807739
3.3888 -77.287109375 -10632.3447265625 -0.6381806135177612
3.3983999999999996 -77.603515625 -10673.888671875 -0.6766162514686584
3.408 -77.220703125 -10715.8896484375 -0.5197756886482239
3.4175999999999997 -77.25341796875 -10757.955078125 -0.6390995979309082
3.4272 -77.4013671875 -10800.341796875 -0.6396403908729553
3.4368 -77.03466796875 -10841.76171875 -0.5981820821762085
3.4464 -76.92724609375 -10884.3603515625 -0.5990251898765564
3.4559999999999995 -77.27783203125 -10927.04296875 -0.5695184469223022
3.4656 -77.3115234375 -10970.8388671875 -0.6241655945777893
3.4751999999999996 -77.33349609375 -11013.5068359375 -0.5946911573410034
3.4848 -77.17333984375 -11055.30078125 -0.5658820271492004
3.4943999999999997 -77.2060546875 -11096.181640625 -0.5714471936225891
3.504 -77.22802734375 -11138.6005859375 -0.586867094039917
3.5136000000000003 -77.20263671875 -11180.521484375 -0.5073578357696533
3.5231999999999997 -77.5390625 -11222.818359375 -0.6319259405136108
3.5328 -77.3349609375 -11265.7275390625 -0.6364184021949768
3.5423999999999998 -77.36669921875 -11307.7109375 -0.5791379809379578
3.552 -77.3857421875 -11350.6318359375 -0.5737514495849609
3.5616 -77.400390625 -11393.37890625 -0.6353130340576172
3.5711999999999997 -77.52197265625 -11435.6640625 -0.6578562259674072
3.5807999999999995 -76.94140625 -11478.423828125 -0.6018413305282593
3.5904 -77.19970703125 -11521.671875 -0.6056352853775024
3.6 -77.33203125 -11564.6005859375 -0.6369904279708862
3.6096 -77.70556640625 -11607.314453125 -0.6014055609703064
3.6192 -77.41015625 -11650.5009765625 -0.6369059681892395
3.6287999999999996 -77.41845703125 -11693.76171875 -0.6445972919464111
3.6384 -77.24658203125 -11737.12109375 -0.5915494561195374
3.6479999999999997 -77.34814453125 -11781.05078125 -0.5791409611701965
3.6576 -77.79736328125 -11824.515625 -0.5369935035705566
3.6672 -77.24951171875 -11868.568359375 -0.5225443243980408
3.6768 -77.8193359375 -11912.1865234375 -0.5957716703414917
3.6864 -77.6025390625 -11955.916015625 -0.6518725752830505
3.6959999999999997 -77.623046875 -11999.53515625 -0.6637972593307495
3.7056 -77.3037109375 -12042.7548828125 -0.5849892497062683
3.7152 -77.78564453125 -12085.8837890625 -0.5627807974815369
3.7248 -77.43310546875 -12129.3193359375 -0.5679993033409119
3.7343999999999995 -77.44677734375 -12172.2802734375 -0.6394312977790833
3.7439999999999998 -77.796875 -12215.9462890625 -0.6013432741165161
3.7535999999999996 -77.81201171875 -12258.625 -0.6116018891334534
3.7632 -77.98974609375 -12301.994140625 -0.5802987813949585
3.7727999999999997 -78.03759765625 -12346.765625 -0.6341938376426697
3.7824 -77.8046875 -12390.494140625 -0.601389467716217
3.7920000000000003 -77.806640625 -12434.576171875 -0.6349074840545654
3.8015999999999996 -77.8876953125 -12478.8056640625 -0.6347309350967407
3.8112 -77.18896484375 -12523.0751953125 -0.5408011078834534
3.8207999999999998 -77.6484375 -12567.236328125 -0.6017622351646423
3.8304 -77.7734375 -12610.8662109375 -0.6365804672241211
3.84 -77.28125 -12654.873046875 -0.6384534239768982
3.8495999999999997 -77.21875 -12698.982421875 -0.5660118460655212
3.8591999999999995 -77.12353515625 -12743.134765625 -0.6065384745597839
3.8688 -77.125 -12787.1767578125 -0.5813287496566772
3.8784 -77.1357421875 -12831.33203125 -0.6584542989730835
3.888 -77.16796875 -12875.595703125 -0.635980486869812
3.8976 -77.53662109375 -12919.142578125 -0.6733664274215698
3.9071999999999996 -77.22412109375 -12962.884765625 -0.6057388782501221
3.9168 -77.412109375 -13006.9375 -0.6884863376617432
3.9263999999999997 -77.38427734375 -13050.96484375 -0.6949815154075623
3.936 -77.59521484375 -13094.6005859375 -0.6578513383865356
3.9455999999999998 -77.07568359375 -13137.8251953125 -0.6425530314445496
3.9552 -77.34423828125 -13181.626953125 -0.6107137203216553
3.9647999999999994 -77.447265625 -13226.009765625 -0.6337522864341736
3.9743999999999997 -77.45263671875 -13269.9794921875 -0.5770313143730164
3.984 -77.234375 -13314.03125 -0.5488935708999634
3.9936 -77.56494140625 -13359.1064453125 -0.6068661212921143
4.0032 -77.50634765625 -13402.896484375 -0.6221235394477844
4.0127999999999995 -77.64306640625 -13446.8916015625 -0.6038890480995178
4.0224 -77.66064453125 -13490.533203125 -0.580259382724762
4.032 -77.40380859375 -13534.3515625 -0.6134659647941589
4.0416 -77.5361328125 -13578.70703125 -0.5908899903297424
4.0512 -77.17822265625 -13622.611328125 -0.663049578666687
4.0607999999999995 -76.85986328125 -13666.6435546875 -0.5834013819694519
4.0704 -77.35302734375 -13711.005859375 -0.6534542441368103
4.08 -77.4404296875 -13754.8720703125 -0.6273881196975708
4.0896 -77.40771484375 -13798.62890625 -0.6038153171539307
4.0992 -77.818359375 -13843.0234375 -0.6186047196388245
4.1088 -77.59765625 -13887.2646484375 -0.6025177836418152
4.118399999999999 -77.62890625 -13931.822265625 -0.5562689304351807
4.128 -77.38818359375 -13976.951171875 -0.570833146572113
4.1376 -77.326171875 -14021.1181640625 -0.5799703001976013
4.1472 -77.36376953125 -14065.435546875 -0.6121890544891357
4.1568 -77.21875 -14109.552734375 -0.5689471364021301
4.166399999999999 -77.35693359375 -14154.65625 -0.6393595933914185
4.176 -77.4052734375 -14199.75390625 -0.6561791896820068
4.1856 -77.134765625 -14244.609375 -0.5774406790733337
4.1952 -77.57568359375 -14288.3837890625 -0.5549933314323425
4.2048 -77.13671875 -14332.8173828125 -0.5884900689125061
4.2143999999999995 -77.4736328125 -14376.638671875 -0.6116296648979187
4.223999999999999 -77.6669921875 -14420.8935546875 -0.6429150104522705
4.2336 -77.423828125 -14464.541015625 -0.6364980936050415
4.2432 -77.56103515625 -14509.8251953125 -0.6498193144798279
4.2528 -77.4052734375 -14554.94921875 -0.6088696718215942
4.2624 -77.34619140625 -14599.921875 -0.6115880012512207
4.271999999999999 -77.4267578125 -14645.2783203125 -0.6621946692466736
4.2816 -77.23779296875 -14690.990234375 -0.576054036617279
4.2912 -77.11669921875 -14735.3583984375 -0.5211752653121948
4.3008 -77.13037109375 -14779.8427734375 -0.6366539597511292
4.3104 -77.38671875 -14824.1416015625 -0.6244597434997559
4.32 -77.32861328125 -14869.3828125 -0.6313031315803528
4.329599999999999 -77.15478515625 -14915.095703125 -0.5580971837043762
4.3392 -77.34033203125 -14960.375 -0.5947163701057434
4.3488 -77.06494140625 -15005.2119140625 -0.561976432800293
4.3584 -78.04443359375 -15049.935546875 -0.5142964124679565
4.368 -77.9228515625 -15094.22265625 -0.5880089998245239
4.3776 -77.92431640625 -15138.3388671875 -0.631224513053894
4.3872 -78.001953125 -15183.130859375 -0.6410026550292969
4.3968 -78.04931640625 -15228.4365234375 -0.6099224090576172
4.4064 -77.93994140625 -15273.46484375 -0.6553452014923096
4.4159999999999995 -78.0615234375 -15317.984375 -0.6127501130104065
4.4256 -77.912109375 -15362.5048828125 -0.5715024471282959
4.435199999999999 -77.73095703125 -15407.279296875 -0.6997434496879578
4.4448 -77.94873046875 -15451.3408203125 -0.6993805766105652
4.4544 -77.77197265625 -15497.1845703125 -0.60890132188797
4.4639999999999995 -77.91015625 -15543.708984375 -0.5352327227592468
4.4736 -77.9619140625 -15589.46484375 -0.7027040123939514
4.4832 -77.87646484375 -15635.328125 -0.5917945504188538
4.4928 -77.9443359375 -15679.833984375 -0.6111335754394531
4.5024 -77.970703125 -15724.55859375 -0.5413580536842346
4.512 -77.9404296875 -15768.994140625 -0.5964404344558716
4.521599999999999 -77.998046875 -15813.603515625 -0.6531071662902832
4.5312 -78.20166015625 -15859.181640625 -0.6496676206588745
4.5408 -78.072265625 -15904.4228515625 -0.65608811378479
4.5504 -78.2314453125 -15949.0341796875 -0.6091324090957642
4.56 -78.27685546875 -15993.8076171875 -0.6012600660324097
4.569599999999999 -78.12646484375 -16039.8291015625 -0.5887892842292786
4.5792 -78.46630859375 -16085.373046875 -0.6006217002868652
4.5888 -78.39404296875 -16130.0361328125 -0.6103371381759644
4.5984 -78.5693359375 -16175.958984375 -0.6563076376914978
4.608 -78.744140625 -16221.84765625 -0.6198573112487793
4.6175999999999995 -78.75 -16267.37890625 -0.5881004333496094
4.627199999999999 -78.796875 -16313.00390625 -0.6402775645256042
4.6368 -78.7998046875 -16358.44140625 -0.6354321837425232
4.6464 -79.0732421875 -16404.546875 -0.5509033203125
4.656 -78.89404296875 -16450.25390625 -0.6235564351081848
4.6655999999999995 -79.4521484375 -16496.33203125 -0.6170836091041565
4.675199999999999 -79.50732421875 -16541.541015625 -0.6193208694458008
4.6848 -79.607421875 -16587.93359375 -0.6038956046104431
4.6944 -79.56640625 -16633.91015625 -0.6556701064109802
4.704 -79.1806640625 -16678.884765625 -0.6031888127326965
4.7136000000000005 -79.60546875 -16722.998046875 -0.6694561243057251
4.723199999999999 -79.263671875 -16767.123046875 -0.6785256266593933
4.732799999999999 -79.68505859375 -16811.248046875 -0.6469774842262268
4.7424 -79.47705078125 -16856.775390625 -0.6960936188697815
4.752 -80.05419921875 -16902.73828125 -0.6804030537605286
4.7616000000000005 -79.88916015625 -16948.046875 -0.678525984287262
4.771199999999999 -79.93310546875 -16993.044921875 -0.6465770602226257
4.780799999999999 -79.412109375 -17038.806640625 -0.6730548143386841
4.7904 -79.412109375 -17084.951171875 -0.6798686385154724
4.8 -79.76220703125 -17130.775390625 -0.6503248810768127
4.8096 -79.60595703125 -17176.7109375 -0.6607107520103455
4.8191999999999995 -79.44189453125 -17222.740234375 -0.6561525464057922
4.828799999999999 -79.771484375 -17268.654296875 -0.7052115797996521
4.8384 -79.70263671875 -17315.01171875 -0.5874975323677063
4.848 -79.25732421875 -17361.1484375 -0.6625662446022034
4.8576 -79.34814453125 -17406.388671875 -0.6422228813171387
4.8671999999999995 -79.62646484375 -17453.28125 -0.5674328804016113
4.8768 -79.62255859375 -17498.94140625 -0.666108250617981
4.8864 -79.5439453125 -17544.4453125 -0.637578547000885
4.895999999999999 -79.5234375 -17590.7578125 -0.6347033381462097
4.9056 -79.22900390625 -17636.6328125 -0.6420952677726746
4.9152 -79.20751953125 -17683.28515625 -0.6613494157791138
4.9248 -79.09326171875 -17730.060546875 -0.6031287908554077
4.9344 -78.92041015625 -17776.55859375 -0.5828130841255188
4.943999999999999 -79.05908203125 -17823.046875 -0.6780237555503845
4.9536 -79.248046875 -17868.2578125 -0.5934958457946777
4.9632 -78.943359375 -17914.10546875 -0.6039009094238281
4.9728 -78.7490234375 -17959.83203125 -0.5959657430648804
4.982399999999999 -79.2587890625 -18005.87890625 -0.6286720037460327
4.992 -78.73779296875 -18051.814453125 -0.5635027885437012
5.0016 -78.85498046875 -18097.3046875 -0.6621977090835571
5.0112 -78.80419921875 -18143.3046875 -0.642832338809967
5.0208 -78.74365234375 -18189.521484375 -0.5358245372772217
5.030399999999999 -78.42626953125 -18236.06640625 -0.599414050579071
5.04 -78.94482421875 -18282.60546875 -0.6798168420791626
5.0496 -78.61572265625 -18329.109375 -0.6508174538612366
5.059200000000001 -78.98974609375 -18376.7109375 -0.6092891693115234
5.0687999999999995 -79.00048828125 -18424.04296875 -0.5884701013565063
5.078399999999999 -78.89990234375 -18470.26171875 -0.6702736020088196
5.088 -79.1865234375 -18517.75 -0.659318208694458
5.0976 -79.28662109375 -18564.75390625 -0.6371243000030518
5.107200000000001 -79.0634765625 -18611.91015625 -0.6014359593391418
5.1168 -78.6337890625 -18657.984375 -0.5871075987815857
5.126399999999999 -78.67138671875 -18705.697265625 -0.6896250247955322
5.136 -78.775390625 -18753.0234375 -0.60580974817276
5.1456 -78.52734375 -18799.8046875 -0.65461266040802
5.1552 -78.85400390625 -18846.5625 -0.649351179599762
5.1648 -78.9580078125 -18893.359375 -0.590560257434845
5.1743999999999994 -78.63232421875 -18940.28125 -0.6005618572235107
5.184 -78.18359375 -18986.90625 -0.5955784916877747
5.193599999999999 -78.0224609375 -19033.537109375 -0.576655387878418
5.2032 -78.8251953125 -19080.154296875 -0.5717352628707886
5.2128 -78.232421875 -19127.24609375 -0.654132068157196
5.2224 -78.619140625 -19174.083984375 -0.5956248641014099
5.232 -78.623046875 -19221.919921875 -0.591597855091095
5.241599999999999 -78.544921875 -19269.6953125 -0.6121377944946289
5.2512 -78.556640625 -19316.314453125 -0.6277755498886108
5.2608 -78.5791015625 -19364.353515625 -0.6181685328483582
5.2704 -78.48828125 -19411.681640625 -0.5417924523353577
5.279999999999999 -78.1962890625 -19458.6015625 -0.623834490776062
5.289599999999999 -78.7412109375 -19505.490234375 -0.6238226890563965
5.2992 -79.0908203125 -19553.35546875 -0.6568626761436462
5.3088 -78.6474609375 -19601.681640625 -0.5571964979171753
5.3184000000000005 -78.8916015625 -19650.060546875 -0.6622397899627686
5.327999999999999 -78.953125 -19697.666015625 -0.6313756108283997
5.337599999999999 -78.3955078125 -19745.9921875 -0.6529390811920166
5.3472 -77.8583984375 -19792.998046875 -0.6061832904815674
5.3568 -78.240234375 -19840.09765625 -0.6377421021461487
5.3664 -78.583984375 -19888.298828125 -0.6686477065086365
5.3759999999999994 -78.638671875 -19936.3046875 -0.6424822211265564
5.3856 -78.7265625 -19984.35546875 -0.6677963137626648
5.3952 -78.947265625 -20032.31640625 -0.6516991257667542
5.4048 -79.193359375 -20080.02734375 -0.6740525960922241
5.4144 -78.970703125 -20127.267578125 -0.6226086616516113
5.4239999999999995 -79.0322265625 -20176.01953125 -0.6179245710372925
5.4336 -79.212890625 -20224.64453125 -0.6499748826026917
5.4432 -79.03125 -20273.59375 -0.6390544772148132
5.452799999999999 -78.8544921875 -20322.4609375 -0.6055889129638672
5.4624 -78.74609375 -20370.82421875 -0.6347202062606812
5.4719999999999995 -79.0048828125 -20418.611328125 -0.6283979415893555
5.4816 -79.1005859375 -20466.953125 -0.598639190196991
5.4912 -79.1943359375 -20515.54296875 -0.5996726751327515
5.500799999999999 -79.052734375 -20564.63671875 -0.6148598194122314
5.5104 -79.1181640625 -20613.919921875 -0.616859495639801
5.52 -78.724609375 -20661.88671875 -0.5997269153594971
5.5296 -78.6181640625 -20709.890625 -0.635397732257843
5.539199999999999 -78.84375 -20757.287109375 -0.5140420198440552
5.5488 -78.763671875 -20805.484375 -0.5890456438064575
5.5584 -78.6064453125 -20854.583984375 -0.5994077920913696
5.568 -78.869140625 -20903.34375 -0.6191446781158447
5.5776 -78.73828125 -20951.599609375 -0.560905933380127
5.587199999999999 -78.759765625 -20999.89453125 -0.5507925748825073
5.5968 -78.771484375 -21048.1640625 -0.6359162926673889
5.6064 -78.5849609375 -21096.333984375 -0.6070109605789185
5.6160000000000005 -79.11328125 -21144.8125 -0.660228967666626
5.6255999999999995 -79.01171875 -21193.7265625 -0.6683148145675659
5.635199999999999 -79.033203125 -21242.65234375 -0.6603742241859436
5.6448 -78.673828125 -21291.138671875 -0.6905028223991394
5.6544 -78.708984375 -21339.99609375 -0.6376715898513794
5.663999999999999 -78.7412109375 -21389.671875 -0.6447536945343018
5.6735999999999995 -78.599609375 -21437.771484375 -0.6404306292533875
5.683199999999999 -78.2666015625 -21486.984375 -0.5348289012908936
5.6928 -78.6025390625 -21535.89453125 -0.604501485824585
5.7024 -78.888671875 -21584.828125 -0.63639897108078
5.712 -78.875 -21633.69921875 -0.708276629447937
5.7216 -78.2578125 -21682.4140625 -0.6033872365951538
5.731199999999999 -78.890625 -21731.15625 -0.6272706985473633
5.7408 -78.8740234375 -21779.0546875 -0.6200634837150574
5.750399999999999 -79.123046875 -21828.322265625 -0.6613128185272217
5.76 -79.298828125 -21876.51171875 -0.6154404282569885
5.7696 -79.451171875 -21925.603515625 -0.6379275321960449
5.7792 -79.529296875 -21974.869140625 -0.6853578686714172
5.7888 -79.453125 -22023.09765625 -0.6460540890693665
5.798399999999999 -79.0146484375 -22070.751953125 -0.6383818984031677
5.808 -79.4931640625 -22119.541015625 -0.6713754534721375
5.8176 -79.39453125 -22168.7109375 -0.5838053226470947
5.8272 -79.296875 -22218.560546875 -0.6242101192474365
5.836799999999999 -79.078125 -22267.283203125 -0.6223760843276978
5.846399999999999 -79.3115234375 -22317.23828125 -0.6432783007621765
5.856 -79.2646484375 -22366.98046875 -0.6097764372825623
5.8656 -78.88671875 -22416.38671875 -0.593400239944458
5.8752 -78.865234375 -22465.33203125 -0.6697189807891846
5.884799999999999 -78.5478515625 -22514.9140625 -0.6290670037269592
5.894399999999999 -78.8271484375 -22564.8125 -0.7177294492721558
5.904 -78.96484375 -22614.478515625 -0.7261709570884705
5.9136 -79.220703125 -22663.365234375 -0.6512585282325745
5.9232 -79.1103515625 -22712.640625 -0.7168844938278198
5.932799999999999 -79.078125 -22761.85546875 -0.690377950668335
5.9424 -78.916015625 -22811.091796875 -0.694658100605011
5.952 -79.2001953125 -22860.314453125 -0.5880581736564636
5.961600000000001 -79.3798828125 -22910.361328125 -0.7091608643531799
5.9712 -79.0498046875 -22959.103515625 -0.676523745059967
5.9807999999999995 -79.1416015625 -23007.9453125 -0.6595007181167603
5.9904 -79.45703125 -23056.046875 -0.5951767563819885
6.0 -79.0048828125 -23104.890625 -0.7214051485061646
6.009599999999999 -78.9736328125 -23153.58203125 -0.6763070225715637
6.0192 -79.09765625 -23202.341796875 -0.6521633267402649
6.0287999999999995 -78.8349609375 -23251.76953125 -0.6422099471092224
6.0384 -78.9130859375 -23301.685546875 -0.6920479536056519
6.047999999999999 -79.1181640625 -23350.283203125 -0.6251829266548157
6.0576 -79.087890625 -23399.56640625 -0.6492267847061157
6.0672 -79.4296875 -23448.98046875 -0.6417213678359985
6.0767999999999995 -78.6240234375 -23498.6796875 -0.6375309228897095
6.0864 -78.7138671875 -23548.326171875 -0.6834318041801453
6.095999999999999 -78.9541015625 -23598.177734375 -0.5989305973052979
6.1056 -79.068359375 -23647.5703125 -0.5821662545204163
6.1152 -78.921875 -23697.18359375 -0.6147393584251404
6.1248000000000005 -78.927734375 -23747.25 -0.6199002861976624
6.134399999999999 -78.8759765625 -23796.640625 -0.6080770492553711
6.143999999999999 -79.2783203125 -23845.26953125 -0.6359313130378723
6.1536 -79.2607421875 -23894.15625 -0.5840074419975281
6.1632 -78.9150390625 -23943.423828125 -0.6906360983848572
6.1728000000000005 -78.716796875 -23993.87109375 -0.5854590535163879
6.1823999999999995 -78.71484375 -24043.8828125 -0.5423749685287476
6.191999999999999 -79.033203125 -24093.359375 -0.5977320671081543
6.2016 -79.005859375 -24142.734375 -0.6920220255851746
6.2112 -78.9345703125 -24191.9375 -0.6300888061523438
6.2208 -79.3857421875 -24241.7734375 -0.6022714972496033
6.2303999999999995 -79.099609375 -24291.57421875 -0.6712629199028015
6.239999999999999 -78.978515625 -24341.798828125 -0.575619101524353
6.2496 -78.904296875 -24391.349609375 -0.634562611579895
6.2592 -79.232421875 -24441.623046875 -0.6391814947128296
6.2688 -78.8603515625 -24491.3515625 -0.5826664566993713
6.2783999999999995 -78.79296875 -24542.01953125 -0.6091455817222595
6.288 -78.9384765625 -24591.79296875 -0.6208382844924927
6.2976 -78.8486328125 -24642.2265625 -0.5990149974822998
6.307199999999999 -78.724609375 -24692.236328125 -0.5341406464576721
6.3168 -78.2861328125 -24743.021484375 -0.6241046786308289
6.3264 -78.5302734375 -24793.080078125 -0.5211157202720642
6.336 -78.3095703125 -24843.947265625 -0.5887775421142578
6.3456 -78.79296875 -24894.49609375 -0.6823792457580566
6.355199999999999 -78.6533203125 -24944.650390625 -0.6203882098197937
6.3648 -79.119140625 -24993.69921875 -0.6708366274833679
6.3744 -78.8671875 -25042.982421875 -0.6713559031486511
6.384 -78.6376953125 -25092.490234375 -0.6409574747085571
6.393599999999999 -78.0048828125 -25143.330078125 -0.6455078721046448
6.403199999999999 -78.15625 -25193.228515625 -0.6778172850608826
6.4128 -78.240234375 -25243.1953125 -0.5606879591941833
6.4224 -78.36328125 -25292.74609375 -0.5962571501731873
6.432 -79.2431640625 -25342.486328125 -0.6487716436386108
6.441599999999999 -79.11328125 -25392.484375 -0.6405550241470337
6.4512 -78.7705078125 -25442.05859375 -0.6228335499763489
6.4608 -78.7861328125 -25491.42578125 -0.6701666116714478
6.4704 -78.666015625 -25540.91796875 -0.6450670957565308
6.4799999999999995 -78.384765625 -25590.8515625 -0.6511624455451965
6.489599999999999 -78.6728515625 -25640.828125 -0.6522473096847534
6.4992 -78.640625 -25690.46484375 -0.6457274556159973
6.5088 -78.505859375 -25740.55859375 -0.6618888974189758
6.518399999999999 -78.3173828125 -25790.87109375 -0.6544077396392822
6.528 -77.71484375 -25841.9140625 -0.6003268361091614
6.537599999999999 -77.9609375 -25893.521484375 -0.6324698328971863
6.5472 -78.33984375 -25944.6171875 -0.6418572068214417
6.5568 -78.2041015625 -25995.37890625 -0.6045442223548889
6.566399999999999 -77.9130859375 -26046.330078125 -0.5581098794937134
6.576 -78.5 -26097.26953125 -0.6342313289642334
6.5855999999999995 -78.2412109375 -26147.794921875 -0.6416047215461731
6.5952 -78.4248046875 -26198.84375 -0.5425537824630737
6.604799999999999 -78.458984375 -26249.67578125 -0.6072152853012085
6.6144 -78.21484375 -26300.271484375 -0.4978029429912567
6.624 -78.091796875 -26351.224609375 -0.549419641494751
6.6335999999999995 -78.537109375 -26402.5390625 -0.5372105836868286
6.6432 -78.3974609375 -26452.953125 -0.5412877202033997
6.652799999999999 -78.08984375 -26503.830078125 -0.5954710841178894
6.6624 -78.1494140625 -26554.3828125 -0.6064801812171936
6.672 -78.271484375 -26605.365234375 -0.6394505500793457
6.6816 -78.4140625 -26655.884765625 -0.595910370349884
6.691199999999999 -78.146484375 -26706.849609375 -0.5521027445793152
6.700799999999999 -78.2099609375 -26756.974609375 -0.6279844641685486
6.7104 -77.94921875 -26807.8671875 -0.6225342750549316
6.72 -77.8984375 -26857.904296875 -0.6002295613288879
6.7296000000000005 -77.9375 -26907.650390625 -0.5826524496078491
6.739199999999999 -78.279296875 -26957.6953125 -0.5957279801368713
6.748799999999999 -77.85546875 -27008.60546875 -0.5838696956634521
6.7584 -77.8466796875 -27059.0546875 -0.5997124314308167
6.768 -78.3896484375 -27110.328125 -0.6522769927978516
6.7776 -78.41796875 -27162.14453125 -0.6359339356422424
6.7871999999999995 -78.2646484375 -27213.12890625 -0.5610402226448059
6.796799999999999 -78.322265625 -27263.0 -0.6453685760498047
6.8064 -77.998046875 -27312.990234375 -0.5883923768997192
6.816 -78.31640625 -27363.87109375 -0.6287006139755249
6.8256 -78.1962890625 -27413.318359375 -0.6087267994880676
6.8351999999999995 -78.0634765625 -27463.525390625 -0.6483914256095886
6.8448 -77.90234375 -27513.193359375 -0.6260877847671509
6.8544 -77.7275390625 -27563.861328125 -0.5864905118942261
6.863999999999999 -78.0234375 -27614.482421875 -0.5590461492538452
6.8736 -78.3330078125 -27663.99609375 -0.5945963859558105
6.8831999999999995 -78.2421875 -27714.23046875 -0.6274564862251282
6.8928 -78.4228515625 -27764.91015625 -0.6640133857727051
6.9024 -78.2744140625 -27816.21875 -0.6162059307098389
6.911999999999999 -78.1552734375 -27867.64453125 -0.5673449039459229
6.9216 -78.21484375 -27917.349609375 -0.6213864088058472
6.9312 -78.5595703125 -27967.626953125 -0.6390916109085083
6.9408 -78.9970703125 -28018.1015625 -0.6286068558692932
6.950399999999999 -78.4521484375 -28068.0625 -0.5869318246841431
6.959999999999999 -78.6083984375 -28118.71875 -0.5727561712265015
6.9696 -78.6044921875 -28168.83984375 -0.6054143309593201
6.9792 -78.6416015625 -28218.9296875 -0.6206228137016296
6.9887999999999995 -78.5224609375 -28269.806640625 -0.5527041554450989
6.998399999999999 -78.8857421875 -28320.771484375 -0.56345134973526
7.008 -78.837890625 -28372.0859375 -0.6311589479446411
7.0176 -78.8173828125 -28422.24609375 -0.6078717708587646
7.027200000000001 -78.9453125 -28473.23046875 -0.6002376079559326
7.0367999999999995 -78.6201171875 -28524.69140625 -0.5822670459747314
7.046399999999999 -78.4580078125 -28576.19140625 -0.5820609331130981
7.056 -78.810546875 -28627.173828125 -0.5663244724273682
7.0656 -78.67578125 -28678.140625 -0.6193152666091919
7.075199999999999 -78.7080078125 -28728.90234375 -0.6332732439041138
7.0847999999999995 -78.640625 -28779.38671875 -0.6301752328872681
7.094399999999999 -78.5234375 -28829.55859375 -0.5003231763839722
7.104 -78.5498046875 -28880.462890625 -0.5361793041229248
7.1136 -78.5166015625 -28931.337890625 -0.5454226732254028
7.1232 -78.443359375 -28982.4140625 -0.5170772671699524
7.1328 -78.529296875 -29033.0 -0.5264011025428772
7.142399999999999 -78.75390625 -29083.380859375 -0.5320039987564087
7.152 -78.84375 -29134.671875 -0.5548411011695862
7.161599999999999 -78.595703125 -29185.609375 -0.5404311418533325
7.1712 -78.345703125 -29236.12890625 -0.5396059155464172
7.1808 -77.951171875 -29286.853515625 -0.567646861076355
