0.0 -21.335424423217773 -13.21005630493164 0.6184365153312683
0.0096 -22.878870010375977 -15.451665878295898 0.5663507580757141
0.0192 -24.43241310119629 -18.888105392456055 0.49570202827453613
0.0288 -26.14468002319336 -22.6485652923584 0.4766722023487091
0.0384 -28.202661514282227 -26.35049819946289 0.3926503360271454
0.047999999999999994 -30.632450103759766 -31.223308563232422 0.2865372896194458
0.0576 -33.071495056152344 -36.346046447753906 0.23470298945903778
0.0672 -33.99024963378906 -42.39812469482422 0.1986323893070221
0.0768 -34.515804290771484 -46.9979248046875 0.19769147038459778
0.0864 -34.818336486816406 -53.461952209472656 0.19749630987644196
0.09599999999999999 -36.517127990722656 -59.40083694458008 0.004616713151335716
0.1056 -37.504150390625 -65.68602752685547 0.07732220739126205
0.1152 -38.316192626953125 -72.32740783691406 -0.026508376002311707
0.1248 -39.78303527832031 -78.92273712158203 0.012944525107741356
0.1344 -42.874900817871094 -85.7370376586914 -0.09465298056602478
0.144 -45.7454833984375 -92.81982421875 -0.20776216685771942
0.1536 -47.86506652832031 -100.63423156738281 -0.19636255502700806
0.1632 -49.22523880004883 -108.80894470214844 -0.24819593131542206
0.1728 -51.60256576538086 -116.85891723632813 -0.3664145767688751
0.18239999999999998 -53.053375244140625 -125.23030090332031 -0.460762083530426
0.19199999999999998 -56.171329498291016 -133.3697509765625 -0.5174381732940674
0.2016 -58.82652282714844 -142.43174743652344 -0.6159374713897705
0.2112 -61.2999267578125 -151.72665405273438 -0.671076238155365
0.2208 -63.52870178222656 -160.99285888671875 -0.7438573241233826
0.2304 -65.10630798339844 -171.16000366210938 -0.7890164256095886
0.24 -66.49537658691406 -179.86764526367188 -0.8049457669258118
0.2496 -68.04798126220703 -188.93704223632813 -0.8402882814407349
0.2592 -68.90987396240234 -198.33169555664063 -0.871328592300415
0.2688 -69.36333465576172 -208.31784057617188 -0.8818134069442749
0.2784 -70.19940185546875 -218.39556884765625 -0.871641993522644
0.288 -70.26020050048828 -227.80360412597656 -0.8772127032279968
0.29760000000000003 -69.48045349121094 -237.25537109375 -0.9021599292755127
0.3072 -69.63662719726563 -246.36476135253906 -0.8675642013549805
0.31679999999999997 -69.29043579101563 -256.1712646484375 -0.9234586358070374
0.3264 -69.44054412841797 -266.7939147949219 -0.9475440979003906
0.33599999999999997 -69.85577392578125 -278.3548889160156 -0.9236794710159302
0.3456 -70.01175689697266 -288.6790466308594 -0.9618017077445984
0.35519999999999996 -69.97854614257813 -298.77252197265625 -0.8966318964958191
0.36479999999999996 -69.9381103515625 -309.4389953613281 -0.9846603274345398
0.3744 -70.00402069091797 -320.3905334472656 -0.955960214138031
0.38399999999999995 -70.10209655761719 -331.5718994140625 -0.9388904571533203
0.3936 -70.47384643554688 -342.3441162109375 -0.8665796518325806
0.4032 -70.4700927734375 -353.31439208984375 -0.9437570571899414
0.41279999999999994 -70.37379455566406 -364.9946594238281 -0.9425994157791138
0.4224 -69.59860229492188 -376.3979187011719 -0.8976226449012756
0.43199999999999994 -69.5933837890625 -388.17437744140625 -0.9057077169418335
0.4416 -70.07295227050781 -400.4508056640625 -0.9355617761611938
0.4512 -70.02590942382813 -411.3568420410156 -0.9919930696487427
0.4608 -70.32438659667969 -423.7904052734375 -0.9114766716957092
0.4704 -70.9791259765625 -436.40509033203125 -0.9499902129173279
0.48 -70.08847045898438 -448.58642578125 -0.9040387272834778
0.4896 -70.67924499511719 -460.6019287109375 -0.913137674331665
0.4992 -71.18040466308594 -471.6746826171875 -1.003567099571228
0.5088 -70.99815368652344 -483.46624755859375 -0.8972552418708801
0.5184 -71.67523193359375 -495.34576416015625 -0.9517669081687927
0.5279999999999999 -71.42561340332031 -507.78521728515625 -0.9529924988746643
0.5376 -71.48490905761719 -521.1005249023438 -0.9759434461593628
0.5472 -71.60978698730469 -533.3201904296875 -0.9192378520965576
0.5568 -71.88194274902344 -545.919677734375 -0.9334489703178406
0.5664 -71.97230529785156 -560.51416015625 -0.9901102185249329
0.576 -72.30361938476563 -573.77197265625 -0.9357138872146606
0.5856 -72.55917358398438 -587.5804443359375 -0.9506562352180481
0.5952000000000001 -73.34797668457031 -600.5408325195313 -0.9945764541625977
0.6048 -72.92814636230469 -614.0864868164063 -1.0514734983444214
0.6144 -73.2318115234375 -627.599853515625 -1.081552267074585
0.624 -73.04269409179688 -640.6405029296875 -1.0557767152786255
0.6335999999999999 -73.64517211914063 -654.05859375 -1.0571824312210083
0.6432 -74.27169799804688 -668.2145385742188 -1.0785801410675049
0.6528 -74.3934326171875 -682.6482543945313 -1.0634366273880005
0.6624 -73.98638916015625 -696.294677734375 -1.0374699831008911
0.6719999999999999 -73.95706176757813 -709.4595336914063 -1.0636038780212402
0.6815999999999999 -74.08746337890625 -723.1100463867188 -1.0252044200897217
0.6912 -74.50555419921875 -737.1099853515625 -1.1166635751724243
0.7008 -74.41128540039063 -750.451416015625 -1.050061583518982
0.7103999999999999 -75.32131958007813 -764.1890869140625 -1.1064808368682861
0.72 -74.89999389648438 -777.87646484375 -1.1089036464691162
0.7295999999999999 -75.408447265625 -791.2600708007813 -1.116005539894104
0.7392 -75.50543212890625 -804.2561645507813 -1.0743649005889893
0.7488 -75.973876953125 -817.8615112304688 -1.1432480812072754
0.7584 -75.80612182617188 -831.6943359375 -1.1173423528671265
0.7679999999999999 -75.88229370117188 -845.9845581054688 -1.080920696258545
0.7776 -76.5064697265625 -859.5374755859375 -1.1696803569793701
0.7872 -76.58798217773438 -873.4168090820313 -1.136711597442627
0.7968 -76.57501220703125 -887.4487915039063 -1.154012680053711
0.8064 -77.23330688476563 -901.6702880859375 -1.1727262735366821
0.816 -76.956298828125 -915.25048828125 -1.1536338329315186
0.8255999999999999 -77.50042724609375 -929.0919189453125 -1.1641608476638794
0.8352 -77.33172607421875 -942.9114990234375 -1.1355334520339966
0.8448 -77.53121948242188 -955.9944458007813 -1.2243499755859375
0.8543999999999999 -77.05914306640625 -970.1552734375 -1.1637065410614014
0.8639999999999999 -77.03887939453125 -984.2962036132813 -1.0883722305297852
0.8735999999999999 -77.3133544921875 -998.8986206054688 -1.2268145084381104
0.8832 -77.33712768554688 -1012.9566040039063 -1.188049077987671
0.8927999999999999 -77.85794067382813 -1027.12451171875 -1.203167200088501
0.9024 -77.48995971679688 -1041.1171875 -1.1923103332519531
0.9119999999999999 -78.14999389648438 -1054.6834716796875 -1.233925700187683
0.9216 -77.87008666992188 -1070.2216796875 -1.25546133518219
0.9312 -78.10842895507813 -1084.6630859375 -1.2431612014770508
0.9408 -78.19100952148438 -1098.9405517578125 -1.171741008758545
0.9503999999999999 -78.29595947265625 -1113.691162109375 -1.252284049987793
0.96 -78.0029296875 -1127.9429931640625 -1.170063853263855
0.9696 -78.05191040039063 -1142.2742919921875 -1.1897764205932617
0.9792 -77.99807739257813 -1156.6309814453125 -1.174707293510437
0.9888 -77.68408203125 -1172.02197265625 -1.1782978773117065
0.9984 -77.98736572265625 -1187.884521484375 -1.2397795915603638
1.008 -78.1212158203125 -1203.441162109375 -1.13859224319458
1.0176 -77.70071411132813 -1218.45361328125 -1.1320909261703491
1.0272 -77.6785888671875 -1233.39892578125 -1.1740601062774658
1.0368 -77.42041015625 -1249.337890625 -1.230770230293274
1.0464 -77.44134521484375 -1265.8880615234375 -1.2093425989151
1.0559999999999998 -77.0203857421875 -1282.589111328125 -1.1967980861663818
1.0656 -77.33203125 -1297.656005859375 -1.1359916925430298
1.0752 -77.33905029296875 -1312.8582763671875 -1.1599172353744507
1.0848 -76.70562744140625 -1328.97705078125 -1.1383424997329712
1.0944 -76.96337890625 -1344.6673583984375 -1.1721957921981812
1.1039999999999999 -76.63275146484375 -1361.514892578125 -1.2069182395935059
1.1136 -76.7181396484375 -1378.2313232421875 -1.172761082649231
1.1232 -76.70501708984375 -1394.4488525390625 -1.1626579761505127
1.1328 -76.2254638671875 -1409.66162109375 -1.2088919878005981
1.1423999999999999 -76.75946044921875 -1425.0711669921875 -1.1875265836715698
1.152 -76.4088134765625 -1440.3135986328125 -1.1791307926177979
1.1616 -76.317626953125 -1456.4228515625 -1.137709140777588
1.1712 -76.8505859375 -1472.82958984375 -1.1779613494873047
1.1807999999999998 -76.5732421875 -1489.7548828125 -1.23177969455719
1.1904000000000001 -76.43231201171875 -1506.51220703125 -1.1287562847137451
1.2 -76.35577392578125 -1522.46435546875 -1.1446815729141235
1.2096 -76.41754150390625 -1538.536865234375 -1.0845192670822144
1.2192 -76.3580322265625 -1554.28515625 -1.1065542697906494
1.2288 -76.486328125 -1570.1700439453125 -1.1383777856826782
1.2384 -76.11407470703125 -1586.6331787109375 -1.1479405164718628
1.248 -76.164306640625 -1603.35498046875 -1.1486369371414185
1.2575999999999998 -76.77398681640625 -1620.447021484375 -1.182449221611023
1.2671999999999999 -76.3731689453125 -1636.649169921875 -1.145883321762085
1.2768000000000002 -75.93267822265625 -1653.5682373046875 -1.1940174102783203
1.2864 -76.1214599609375 -1671.2391357421875 -1.1141793727874756
1.296 -76.63739013671875 -1687.9012451171875 -1.1777875423431396
1.3056 -77.06024169921875 -1704.39892578125 -1.171650767326355
1.3152 -76.699951171875 -1720.8446044921875 -1.1262584924697876
1.3248 -77.076416015625 -1736.470703125 -1.2222697734832764
1.3343999999999998 -77.63299560546875 -1752.873779296875 -1.2834973335266113
1.3439999999999999 -78.02947998046875 -1770.158935546875 -1.1935691833496094
1.3536 -78.05487060546875 -1787.175048828125 -1.2491381168365479
1.3631999999999997 -78.13922119140625 -1804.2421875 -1.244201898574829
1.3728 -78.6092529296875 -1821.122802734375 -1.173378348350525
1.3824 -78.2115478515625 -1837.2088623046875 -1.2098777294158936
1.392 -78.4327392578125 -1853.601806640625 -1.1479616165161133
1.4016 -78.80126953125 -1870.71826171875 -1.2129154205322266
1.4112 -78.86395263671875 -1888.1063232421875 -1.2829415798187256
1.4207999999999998 -78.793701171875 -1904.779296875 -1.2222533226013184
1.4304 -78.81573486328125 -1921.7406005859375 -1.2645995616912842
1.44 -78.54608154296875 -1939.417236328125 -1.219281792640686
1.4495999999999998 -79.0086669921875 -1955.970458984375 -1.250704050064087
1.4591999999999998 -79.116455078125 -1972.661865234375 -1.1597700119018555
1.4688 -78.59063720703125 -1990.5517578125 -1.242121934890747
1.4784 -78.93902587890625 -2008.1505126953125 -1.1686075925827026
1.488 -77.5504150390625 -2024.278564453125 -1.1329678297042847
1.4976 -77.56036376953125 -2041.2210693359375 -1.1080454587936401
1.5071999999999999 -77.87322998046875 -2058.53955078125 -1.1527371406555176
1.5168 -78.093994140625 -2076.6669921875 -1.1694949865341187
1.5264 -77.95001220703125 -2094.485107421875 -1.1292541027069092
1.5359999999999998 -78.24310302734375 -2111.97021484375 -1.1185657978057861
1.5455999999999999 -78.5921630859375 -2129.11474609375 -1.2389163970947266
1.5552 -78.40478515625 -2146.563232421875 -1.2482292652130127
1.5648 -78.17962646484375 -2165.087158203125 -1.204581379890442
1.5744 -77.8548583984375 -2182.076416015625 -1.2261948585510254
1.584 -77.70965576171875 -2199.09326171875 -1.157469391822815
1.5936 -78.10089111328125 -2216.29248046875 -1.1581175327301025
1.6032 -78.37139892578125 -2234.430419921875 -1.1923192739486694
1.6128 -78.29791259765625 -2251.451171875 -1.2082306146621704
1.6223999999999998 -78.1829833984375 -2270.5107421875 -1.172033429145813
1.632 -78.13214111328125 -2288.724609375 -1.1783370971679688
1.6415999999999997 -77.92120361328125 -2306.93896484375 -1.1146961450576782
1.6511999999999998 -78.359130859375 -2324.299560546875 -1.1922259330749512
1.6608 -78.7611083984375 -2341.893310546875 -1.1539394855499268
1.6704 -78.53466796875 -2359.71875 -1.175498127937317
1.68 -78.64691162109375 -2377.693115234375 -1.1989645957946777
1.6896 -79.32061767578125 -2395.822998046875 -1.1919928789138794
1.6991999999999998 -78.961181640625 -2412.830078125 -1.2415790557861328
1.7087999999999999 -79.010009765625 -2430.518798828125 -1.164770245552063
1.7184 -78.6739501953125 -2447.4658203125 -1.201155662536621
1.7279999999999998 -79.1220703125 -2465.271484375 -1.3089063167572021
1.7375999999999998 -79.497802734375 -2483.8154296875 -1.3137226104736328
1.7471999999999999 -79.4130859375 -2501.84912109375 -1.2738019227981567
1.7568000000000001 -78.943115234375 -2519.3564453125 -1.245776653289795
1.7664 -79.260986328125 -2538.651611328125 -1.3007996082305908
1.776 -78.80810546875 -2556.08642578125 -1.2368110418319702
1.7855999999999999 -79.392822265625 -2574.323974609375 -1.2556565999984741
1.7952 -78.9571533203125 -2591.162841796875 -1.3040571212768555
1.8048 -79.300537109375 -2607.968017578125 -1.2736058235168457
1.8143999999999998 -79.1114501953125 -2626.466796875 -1.2475684881210327
1.8239999999999998 -78.7249755859375 -2645.37548828125 -1.2560538053512573
1.8336 -78.9722900390625 -2663.59912109375 -1.2474638223648071
1.8432 -79.4095458984375 -2681.758056640625 -1.2572113275527954
1.8528 -79.2259521484375 -2702.333251953125 -1.249265193939209
1.8624 -79.1285400390625 -2721.73583984375 -1.2946237325668335
1.8719999999999999 -79.05126953125 -2740.974365234375 -1.2477232217788696
1.8816 -79.026123046875 -2760.580322265625 -1.2487956285476685
1.8912 -78.94873046875 -2778.74658203125 -1.2831918001174927
1.9007999999999998 -78.360107421875 -2797.477294921875 -1.3071603775024414
1.9103999999999999 -78.0989990234375 -2815.084228515625 -1.1876964569091797
1.92 -78.48095703125 -2833.969970703125 -1.217961072921753
1.9295999999999998 -78.7979736328125 -2851.443603515625 -1.2522579431533813
1.9392 -78.6610107421875 -2870.9228515625 -1.1834192276000977
1.9488 -78.3018798828125 -2888.931396484375 -1.1711770296096802
1.9584 -78.067626953125 -2906.97412109375 -1.1215236186981201
1.968 -77.923095703125 -2925.240234375 -1.2403018474578857
1.9776 -77.9949951171875 -2944.00146484375 -1.2204664945602417
1.9871999999999999 -77.9727783203125 -2962.88916015625 -1.1850024461746216
1.9968 -77.518310546875 -2981.559326171875 -1.1495534181594849
2.0063999999999997 -78.26171875 -2999.8505859375 -1.1659748554229736
2.016 -77.968994140625 -3018.791015625 -1.174283504486084
2.0256 -78.2652587890625 -3038.321533203125 -1.184443712234497
2.0352 -78.2655029296875 -3057.17041015625 -1.154384970664978
2.0448 -78.49462890625 -3076.3720703125 -1.1970103979110718
2.0544 -78.37158203125 -3095.803955078125 -1.1251404285430908
2.064 -78.208251953125 -3114.66845703125 -1.160040259361267
2.0736 -78.2342529296875 -3133.65185546875 -1.2111561298370361
2.0831999999999997 -77.9168701171875 -3153.64501953125 -1.2091999053955078
2.0928 -78.036376953125 -3172.451171875 -1.142203688621521
2.1024 -78.332275390625 -3191.7470703125 -1.232006311416626
2.1119999999999997 -78.8663330078125 -3209.64404296875 -1.1984232664108276
2.1216 -78.9451904296875 -3228.275634765625 -1.165045976638794
2.1312 -78.4482421875 -3247.15283203125 -1.1718084812164307
2.1408 -78.6759033203125 -3265.88232421875 -1.188065767288208
2.1504 -78.3709716796875 -3284.686279296875 -1.0319385528564453
2.16 -78.850341796875 -3302.955078125 -1.194951057434082
2.1696 -78.3807373046875 -3321.9892578125 -1.165445327758789
2.1792 -77.7940673828125 -3341.04736328125 -1.1586742401123047
2.1888 -78.519287109375 -3359.75146484375 -1.1973413228988647
2.1984 -78.023681640625 -3379.216796875 -1.2455428838729858
2.2079999999999997 -78.1907958984375 -3400.760986328125 -1.2627052068710327
2.2175999999999996 -78.389404296875 -3421.392578125 -1.2260189056396484
2.2272 -77.8876953125 -3441.2880859375 -1.184787392616272
2.2368 -77.8765869140625 -3460.343017578125 -1.1944329738616943
2.2464 -77.9757080078125 -3480.011474609375 -1.1622540950775146
2.256 -77.878173828125 -3499.744384765625 -1.2063589096069336
2.2656 -78.14013671875 -3519.795654296875 -1.2073861360549927
2.2752 -78.0731201171875 -3539.796875 -1.1795759201049805
2.2847999999999997 -78.2784423828125 -3558.48681640625 -1.23110032081604
2.2944 -78.2218017578125 -3579.04931640625 -1.1952500343322754
2.304 -77.878173828125 -3598.77392578125 -1.203922986984253
2.3135999999999997 -77.922119140625 -3618.04443359375 -1.238109827041626
2.3232 -77.8812255859375 -3637.11572265625 -1.2225292921066284
2.3327999999999998 -78.218994140625 -3655.958984375 -1.2158339023590088
2.3424 -78.03564453125 -3675.546142578125 -1.1700130701065063
2.352 -78.33837890625 -3694.14892578125 -1.1707203388214111
2.3615999999999997 -78.4139404296875 -3712.42041015625 -1.2293859720230103
2.3712 -78.156494140625 -3731.29833984375 -1.2141658067703247
2.3808000000000002 -78.3887939453125 -3749.85205078125 -1.2173662185668945
2.3903999999999996 -78.142822265625 -3768.828369140625 -1.1936450004577637
2.4 -77.9708251953125 -3788.078369140625 -1.2169522047042847
2.4095999999999997 -77.9969482421875 -3807.1298828125 -1.2065789699554443
2.4192 -78.1173095703125 -3825.40966796875 -1.2591303586959839
2.4288 -78.11474609375 -3842.880615234375 -1.188503384590149
2.4384 -77.906982421875 -3861.5361328125 -1.232217788696289
2.4479999999999995 -77.5582275390625 -3881.443359375 -1.1788781881332397
2.4576 -78.32666015625 -3899.95458984375 -1.1178624629974365
2.4672 -78.046875 -3920.552978515625 -1.1175532341003418
2.4768 -78.419677734375 -3939.69189453125 -1.1761953830718994
2.4864 -78.107177734375 -3958.773681640625 -1.180179476737976
2.496 -78.5438232421875 -3978.75146484375 -1.1780552864074707
2.5056 -78.17138671875 -3998.31298828125 -1.2251522541046143
2.5151999999999997 -78.1007080078125 -4017.578125 -1.1606028079986572
2.5248 -78.5390625 -4036.5400390625 -1.1101973056793213
2.5343999999999998 -77.89697265625 -4055.769775390625 -1.1426069736480713
2.544 -78.474365234375 -4074.82568359375 -1.159297227859497
2.5536000000000003 -78.338623046875 -4093.42333984375 -1.1221214532852173
2.5631999999999997 -77.930419921875 -4112.50048828125 -1.1878187656402588
2.5728 -77.95361328125 -4131.49560546875 -1.174983263015747
2.5824 -77.9539794921875 -4151.14208984375 -1.139597773551941
2.592 -77.6895751953125 -4170.18896484375 -1.1951773166656494
2.6016 -78.22802734375 -4189.60986328125 -1.178510308265686
2.6112 -78.0360107421875 -4209.7724609375 -1.1925139427185059
2.6207999999999996 -77.9501953125 -4228.572265625 -1.2022926807403564
2.6304 -77.6357421875 -4247.56982421875 -1.1606695652008057
2.6399999999999997 -77.6502685546875 -4266.8427734375 -1.095452904701233
2.6496 -78.119873046875 -4285.54248046875 -1.1469228267669678
2.6592000000000002 -77.9678955078125 -4305.046875 -1.2337005138397217
2.6687999999999996 -78.0845947265625 -4324.97314453125 -1.1748555898666382
2.6784 -77.950927734375 -4344.1572265625 -1.190590500831604
2.6879999999999997 -77.73486328125 -4363.3388671875 -1.1432950496673584
2.6976 -77.79345703125 -4381.916015625 -1.109185814857483
2.7072 -78.0321044921875 -4401.61474609375 -1.1766269207000732
2.7168 -78.3416748046875 -4421.3564453125 -1.2065116167068481
2.7263999999999995 -78.1649169921875 -4440.63330078125 -1.1963344812393188
2.7359999999999998 -77.718505859375 -4461.02685546875 -1.1917848587036133
2.7456 -77.994140625 -4481.03564453125 -1.2106820344924927
2.7552 -78.1263427734375 -4500.802734375 -1.244227647781372
2.7648 -77.9847412109375 -4520.64013671875 -1.1600172519683838
2.7744 -78.0938720703125 -4541.4140625 -1.3050098419189453
2.784 -78.158447265625 -4560.69287109375 -1.2413194179534912
2.7935999999999996 -78.5665283203125 -4581.171875 -1.1995906829833984
2.8032 -78.5970458984375 -4601.935546875 -1.2444961071014404
2.8127999999999997 -78.5966796875 -4621.89111328125 -1.1617636680603027
2.8224 -78.3994140625 -4641.267578125 -1.1944581270217896
2.8319999999999994 -78.3179931640625 -4660.3203125 -1.2434335947036743
2.8415999999999997 -78.6800537109375 -4680.466796875 -1.1654949188232422
2.8512 -78.7972412109375 -4700.595703125 -1.1655381917953491
2.8608 -78.0133056640625 -4720.2197265625 -1.2177575826644897
2.8704 -77.85888671875 -4741.20361328125 -1.1918774843215942
2.88 -77.9146728515625 -4761.21337890625 -1.20233952999115
2.8896 -77.67919921875 -4780.2470703125 -1.1947600841522217
2.8991999999999996 -77.7470703125 -4799.892578125 -1.064485788345337
2.9088 -78.257568359375 -4819.8896484375 -1.2093377113342285
2.9183999999999997 -77.898681640625 -4840.65234375 -1.1688497066497803
2.928 -78.15478515625 -4860.74755859375 -1.173327088356018
2.9376 -77.72265625 -4880.51171875 -1.1649154424667358
2.9471999999999996 -78.3408203125 -4899.8251953125 -1.0971245765686035
2.9568 -78.232421875 -4918.9306640625 -1.1935057640075684
2.9663999999999997 -77.94482421875 -4937.958984375 -1.1666755676269531
2.976 -77.62109375 -4956.7783203125 -1.2212858200073242
2.9856 -77.9453125 -4976.560546875 -1.1168490648269653
2.9952 -77.791748046875 -4996.1689453125 -1.1553910970687866
3.0047999999999995 -78.509521484375 -5015.9111328125 -1.1250308752059937
3.0143999999999997 -78.24462890625 -5036.66748046875 -1.1901469230651855
3.0239999999999996 -78.363037109375 -5057.70166015625 -1.127524733543396
3.0336 -78.44287109375 -5077.42529296875 -1.1083191633224487
3.0432 -78.5673828125 -5096.8173828125 -1.238268494606018
3.0528 -78.408447265625 -5115.7939453125 -1.2137583494186401
3.0624000000000002 -78.204833984375 -5134.04345703125 -1.120247483253479
3.0719999999999996 -78.18798828125 -5154.884765625 -1.1112093925476074
3.0816 -78.384521484375 -5174.82177734375 -1.1475191116333008
3.0911999999999997 -78.366455078125 -5193.880859375 -1.1824183464050293
3.1008 -78.02197265625 -5213.271484375 -1.1964925527572632
3.1104 -78.422119140625 -5233.98583984375 -1.2491437196731567
3.1199999999999997 -78.525634765625 -5253.6953125 -1.1776957511901855
3.1296 -77.970458984375 -5273.56298828125 -1.1909832954406738
3.1391999999999998 -78.66796875 -5293.66796875 -1.1689714193344116
3.1488 -78.181396484375 -5313.8984375 -1.2447013854980469
3.1584 -77.96484375 -5334.056640625 -1.2104113101959229
3.168 -78.337646484375 -5354.56640625 -1.2325730323791504
3.1775999999999995 -77.967529296875 -5375.24853515625 -1.18669593334198
3.1872 -77.998046875 -5395.62890625 -1.1731892824172974
3.1967999999999996 -78.078857421875 -5415.26220703125 -1.232962727546692
3.2064 -78.3916015625 -5434.87255859375 -1.1981149911880493
3.216 -78.59228515625 -5455.46923828125 -1.2439624071121216
3.2256 -78.54443359375 -5475.7578125 -1.148054838180542
3.2352 -78.296142578125 -5496.43359375 -1.1424674987792969
3.2447999999999997 -78.2626953125 -5517.166015625 -1.1922519207000732
3.2544 -78.270263671875 -5537.95947265625 -1.1665838956832886
3.264 -78.29541015625 -5557.337890625 -1.1610292196273804
3.2736 -77.958740234375 -5576.525390625 -1.1874138116836548
3.2831999999999995 -77.637451171875 -5595.53125 -1.167833924293518
3.2927999999999997 -78.183837890625 -5615.7041015625 -1.18512761592865
3.3023999999999996 -78.107421875 -5635.2294921875 -1.1714669466018677
3.312 -78.168212890625 -5655.34228515625 -1.1905525922775269
3.3216 -78.302978515625 -5675.42138671875 -1.2304095029830933
3.3312 -78.149658203125 -5694.4755859375 -1.2578511238098145
3.3408 -78.40673828125 -5714.70751953125 -1.268075942993164
3.3503999999999996 -78.35009765625 -5735.3232421875 -1.2241783142089844
3.36 -78.695556640625 -5755.115234375 -1.1804649829864502
3.3695999999999997 -78.837890625 -5774.65380859375 -1.1978482007980347
3.3792 -78.48046875 -5795.62060546875 -1.2058680057525635
3.3888 -77.58984375 -5816.2822265625 -1.1932308673858643
3.3983999999999996 -77.67236328125 -5836.04296875 -1.164296269416809
3.408 -77.656494140625 -5855.197265625 -1.1991338729858398
3.4175999999999997 -78.093994140625 -5874.91650390625 -1.1753244400024414
3.4272 -77.548828125 -5895.27001953125 -1.1373939514160156
3.4368 -77.514404296875 -5915.623046875 -1.2228009700775146
3.4464 -77.471435546875 -5935.01513671875 -1.179797887802124
3.4559999999999995 -77.994873046875 -5953.63525390625 -1.268018364906311
3.4656 -78.01904296875 -5972.52978515625 -1.1625467538833618
3.4751999999999996 -77.757080078125 -5992.48046875 -1.1572182178497314
3.4848 -77.756103515625 -6012.23779296875 -1.176196575164795
3.4943999999999997 -78.062744140625 -6031.841796875 -1.2495652437210083
3.504 -78.36572265625 -6052.25 -1.2100163698196411
3.5136000000000003 -77.8984375 -6071.923828125 -1.0836410522460938
3.5231999999999997 -77.6865234375 -6090.84130859375 -1.1628429889678955
3.5328 -77.69189453125 -6110.8544921875 -1.207715630531311
3.5423999999999998 -77.618896484375 -6131.19140625 -1.1810539960861206
3.552 -77.886962890625 -6151.19091796875 -1.1980170011520386
3.5616 -78.20947265625 -6171.5478515625 -1.2317514419555664
3.5711999999999997 -77.47509765625 -6191.30126953125 -1.1494908332824707
3.5807999999999995 -78.17236328125 -6212.474609375 -1.1067651510238647
3.5904 -77.48828125 -6232.90625 -1.1477428674697876
3.6 -77.86279296875 -6252.17138671875 -1.1583517789840698
3.6096 -77.76806640625 -6271.03515625 -1.1725056171417236
3.6192 -77.9208984375 -6290.96240234375 -1.1736621856689453
3.6287999999999996 -77.7958984375 -6310.4970703125 -1.1232779026031494
3.6384 -77.984375 -6329.26708984375 -1.068939208984375
3.6479999999999997 -77.775634765625 -6348.986328125 -1.125691533088684
3.6576 -77.613037109375 -6368.76123046875 -1.1642990112304688
3.6672 -78.456298828125 -6389.60498046875 -1.195114016532898
3.6768 -78.658203125 -6410.37109375 -1.2045105695724487
3.6864 -78.172119140625 -6430.83984375 -1.0670737028121948
3.6959999999999997 -79.046630859375 -6451.1201171875 -1.079676628112793
3.7056 -79.544677734375 -6472.0517578125 -1.1362876892089844
3.7152 -79.105712890625 -6492.99609375 -1.1487500667572021
3.7248 -79.451171875 -6513.40185546875 -1.2206367254257202
3.7343999999999995 -78.900634765625 -6532.91064453125 -1.0706424713134766
3.7439999999999998 -79.593505859375 -6552.50927734375 -1.0918315649032593
3.7535999999999996 -78.947265625 -6572.15576171875 -1.1203336715698242
3.7632 -79.2685546875 -6591.94482421875 -1.0859671831130981
3.7727999999999997 -79.07666015625 -6610.12109375 -1.165205478668213
3.7824 -79.200927734375 -6629.0439453125 -1.1776390075683594
3.7920000000000003 -79.73046875 -6648.33935546875 -1.2191112041473389
3.8015999999999996 -79.297119140625 -6668.14111328125 -1.2643022537231445
3.8112 -79.501220703125 -6686.78515625 -1.1823761463165283
3.8207999999999998 -79.451904296875 -6705.837890625 -1.174401879310608
3.8304 -79.40625 -6726.341796875 -1.1639950275421143
3.84 -79.185546875 -6745.84765625 -1.162620186805725
3.8495999999999997 -78.909423828125 -6764.302734375 -1.1309967041015625
3.8591999999999995 -78.9765625 -6784.2392578125 -1.1641333103179932
3.8688 -78.9296875 -6803.689453125 -1.1544095277786255
3.8784 -78.916015625 -6822.708984375 -1.2458488941192627
3.888 -79.242431640625 -6841.787109375 -1.2515841722488403
3.8976 -78.89697265625 -6861.4970703125 -1.248814344406128
3.9071999999999996 -79.318603515625 -6882.509765625 -1.232879400253296
3.9168 -79.131591796875 -6902.74853515625 -1.1621689796447754
3.9263999999999997 -79.3828125 -6922.72802734375 -1.2621129751205444
3.936 -79.454345703125 -6941.91552734375 -1.2817336320877075
3.9455999999999998 -79.85791015625 -6961.0244140625 -1.2310127019882202
3.9552 -79.171142578125 -6980.5 -1.1893577575683594
3.9647999999999994 -79.0859375 -7000.51123046875 -1.1721457242965698
3.9743999999999997 -79.902099609375 -7019.05908203125 -1.2093291282653809
3.984 -79.76953125 -7038.080078125 -1.2143110036849976
3.9936 -78.984375 -7057.53271484375 -1.1919018030166626
4.0032 -78.815673828125 -7077.36376953125 -1.1673296689987183
4.0127999999999995 -79.1396484375 -7096.0556640625 -1.2090437412261963
4.0224 -78.74951171875 -7115.07421875 -1.2288914918899536
4.032 -78.685302734375 -7133.88818359375 -1.1447759866714478
4.0416 -78.89404296875 -7153.81591796875 -1.0466625690460205
4.0512 -79.02783203125 -7173.50830078125 -1.0703794956207275
4.0607999999999995 -78.216552734375 -7191.93896484375 -1.1821709871292114
4.0704 -78.547119140625 -7212.06640625 -1.1102499961853027
4.08 -79.002685546875 -7231.6728515625 -1.1903866529464722
4.0896 -78.873291015625 -7251.49267578125 -1.1691539287567139
4.0992 -79.4541015625 -7271.171875 -1.1078013181686401
4.1088 -79.15185546875 -7292.01025390625 -1.1850199699401855
4.118399999999999 -79.172607421875 -7313.19482421875 -1.1315096616744995
4.128 -79.054931640625 -7334.15869140625 -1.1584458351135254
4.1376 -78.706298828125 -7355.69140625 -1.1773037910461426
4.1472 -79.306640625 -7375.783203125 -1.1338192224502563
4.1568 -79.029052734375 -7396.271484375 -1.255928635597229
4.166399999999999 -78.928955078125 -7416.119140625 -1.2722727060317993
4.176 -78.65966796875 -7435.07958984375 -1.2939772605895996
4.1856 -78.30908203125 -7454.4990234375 -1.191559910774231
4.1952 -78.69970703125 -7473.8740234375 -1.2056710720062256
4.2048 -78.770751953125 -7493.4833984375 -1.2086321115493774
4.2143999999999995 -78.890380859375 -7512.4541015625 -1.2514405250549316
4.223999999999999 -78.511474609375 -7531.3427734375 -1.2277179956436157
4.2336 -78.249267578125 -7551.8955078125 -1.1682504415512085
4.2432 -77.634033203125 -7572.68994140625 -1.1941606998443604
4.2528 -77.8466796875 -7593.2705078125 -1.1379603147506714
4.2624 -78.43359375 -7611.38671875 -1.2229468822479248
4.271999999999999 -78.114501953125 -7631.30859375 -1.2355616092681885
4.2816 -77.47998046875 -7650.6689453125 -1.185835838317871
4.2912 -78.028076171875 -7670.123046875 -1.2200851440429688
4.3008 -77.740478515625 -7690.0673828125 -1.2205076217651367
4.3104 -77.9404296875 -7709.6630859375 -1.2268136739730835
4.32 -78.06982421875 -7728.044921875 -1.2003322839736938
4.329599999999999 -78.578369140625 -7748.4169921875 -1.2973926067352295
4.3392 -78.10791015625 -7768.16015625 -1.3098634481430054
4.3488 -78.168212890625 -7786.9384765625 -1.311767339706421
4.3584 -78.131591796875 -7806.5888671875 -1.2141146659851074
4.368 -77.693359375 -7826.8955078125 -1.2625378370285034
4.3776 -78.24462890625 -7846.3720703125 -1.223134160041809
4.3872 -78.11865234375 -7866.47705078125 -1.2397514581680298
4.3968 -77.885009765625 -7885.65625 -1.208132266998291
4.4064 -77.994384765625 -7905.58154296875 -1.1903517246246338
4.4159999999999995 -78.10400390625 -7925.3310546875 -1.2624119520187378
4.4256 -78.568115234375 -7946.09912109375 -1.2023060321807861
4.435199999999999 -78.3994140625 -7965.8779296875 -1.216267466545105
4.4448 -78.71923828125 -7985.49560546875 -1.3030669689178467
4.4544 -78.1474609375 -8006.04833984375 -1.286673903465271
4.4639999999999995 -78.294677734375 -8025.6904296875 -1.3059334754943848
4.4736 -78.350341796875 -8044.744140625 -1.2578197717666626
4.4832 -77.906494140625 -8064.80029296875 -1.2580461502075195
4.4928 -78.30419921875 -8085.2099609375 -1.3125134706497192
4.5024 -77.87744140625 -8105.24072265625 -1.237373948097229
4.512 -77.9541015625 -8124.150390625 -1.2056444883346558
4.521599999999999 -77.997314453125 -8144.8505859375 -1.2312520742416382
4.5312 -77.98681640625 -8164.33056640625 -1.237955093383789
4.5408 -77.95751953125 -8183.9326171875 -1.2295206785202026
4.5504 -77.869140625 -8202.38671875 -1.2630083560943604
4.56 -77.839599609375 -8223.0908203125 -1.1895766258239746
4.569599999999999 -77.9072265625 -8243.7861328125 -1.2399948835372925
4.5792 -77.974609375 -8263.6845703125 -1.2782405614852905
4.5888 -78.23779296875 -8282.96484375 -1.2592066526412964
4.5984 -78.248291015625 -8302.037109375 -1.2960559129714966
4.608 -77.9853515625 -8321.6474609375 -1.243889570236206
4.6175999999999995 -78.211181640625 -8340.8193359375 -1.2438688278198242
4.627199999999999 -78.09130859375 -8360.4208984375 -1.237643837928772
4.6368 -78.477783203125 -8379.4521484375 -1.2658392190933228
4.6464 -78.2041015625 -8399.3359375 -1.2148183584213257
4.656 -77.89501953125 -8418.8935546875 -1.258337378501892
4.6655999999999995 -78.198486328125 -8438.4150390625 -1.2152984142303467
4.675199999999999 -78.343994140625 -8457.1640625 -1.1955244541168213
4.6848 -77.920654296875 -8475.4267578125 -1.2545080184936523
4.6944 -77.871826171875 -8494.419921875 -1.2308269739151
4.704 -78.06005859375 -8513.46875 -1.2661280632019043
4.7136000000000005 -78.04345703125 -8533.6552734375 -1.3072694540023804
4.723199999999999 -78.302001953125 -8553.822265625 -1.2300999164581299
4.732799999999999 -77.62939453125 -8573.19140625 -1.2547500133514404
4.7424 -77.89404296875 -8592.052734375 -1.2767717838287354
4.752 -78.170166015625 -8610.6953125 -1.2430651187896729
4.7616000000000005 -77.91748046875 -8629.9462890625 -1.274394154548645
4.771199999999999 -77.974365234375 -8649.96484375 -1.2576991319656372
4.780799999999999 -78.232177734375 -8669.900390625 -1.1792707443237305
4.7904 -77.914794921875 -8688.8271484375 -1.2659629583358765
4.8 -77.916259765625 -8709.4326171875 -1.2889336347579956
4.8096 -78.45654296875 -8731.322265625 -1.279966115951538
4.8191999999999995 -77.92724609375 -8751.421875 -1.2423689365386963
4.828799999999999 -78.513916015625 -8770.873046875 -1.2448499202728271
4.8384 -78.671875 -8789.3173828125 -1.237577199935913
4.848 -77.83203125 -8809.1328125 -1.30898916721344
4.8576 -77.6494140625 -8829.1884765625 -1.2729411125183105
4.8671999999999995 -77.7177734375 -8848.322265625 -1.2122929096221924
4.8768 -77.2822265625 -8868.626953125 -1.1984368562698364
4.8864 -77.187744140625 -8888.1845703125 -1.1221811771392822
4.895999999999999 -78.233154296875 -8908.5869140625 -1.2201951742172241
4.9056 -78.1923828125 -8928.876953125 -1.2716675996780396
4.9152 -78.21533203125 -8948.517578125 -1.300742268562317
4.9248 -78.2705078125 -8968.375 -1.2754607200622559
4.9344 -78.4921875 -8988.884765625 -1.2055602073669434
4.943999999999999 -78.0185546875 -9008.998046875 -1.208849310874939
4.9536 -77.744140625 -9028.04296875 -1.2497367858886719
4.9632 -78.096923828125 -9046.6015625 -1.1619172096252441
4.9728 -78.2841796875 -9065.810546875 -1.2472413778305054
4.982399999999999 -78.773193359375 -9085.0419921875 -1.1719880104064941
4.992 -78.801025390625 -9103.6953125 -1.2377225160598755
5.0016 -78.7158203125 -9122.8046875 -1.2904378175735474
5.0112 -78.465087890625 -9142.86328125 -1.284175157546997
5.0208 -78.201416015625 -9162.572265625 -1.2872847318649292
5.030399999999999 -78.576171875 -9183.73828125 -1.253753662109375
5.04 -79.007080078125 -9203.671875 -1.221585750579834
5.0496 -78.857421875 -9223.169921875 -1.2105374336242676
5.059200000000001 -78.57958984375 -9242.873046875 -1.177217960357666
5.0687999999999995 -78.404541015625 -9264.0439453125 -1.1981453895568848
5.078399999999999 -77.8818359375 -9283.2216796875 -1.201914668083191
5.088 -78.06201171875 -9303.603515625 -1.1046522855758667
5.0976 -78.55419921875 -9323.9716796875 -1.1944489479064941
5.107200000000001 -77.739501953125 -9343.5869140625 -1.2028661966323853
5.1168 -77.7802734375 -9362.72265625 -1.1715365648269653
5.126399999999999 -78.839111328125 -9381.7138671875 -1.27471125125885
5.136 -77.967041015625 -9401.650390625 -1.2091479301452637
5.1456 -78.269287109375 -9420.6904296875 -1.2248185873031616
5.1552 -78.62109375 -9438.60546875 -1.169416904449463
5.1648 -78.946533203125 -9457.3955078125 -1.1525728702545166
5.1743999999999994 -78.619384765625 -9477.595703125 -1.1939380168914795
5.184 -78.5107421875 -9496.2724609375 -1.1992098093032837
5.193599999999999 -78.22998046875 -9515.2216796875 -1.1594487428665161
5.2032 -78.0283203125 -9534.8818359375 -1.2717844247817993
5.2128 -77.72607421875 -9554.6005859375 -1.171229600906372
5.2224 -77.54296875 -9572.3779296875 -1.1654592752456665
5.232 -78.4306640625 -9590.994140625 -1.1693364381790161
5.241599999999999 -78.67919921875 -9610.3564453125 -1.1646857261657715
5.2512 -78.4892578125 -9629.2763671875 -1.1944612264633179
5.2608 -78.484375 -9648.05859375 -1.2180142402648926
5.2704 -78.73095703125 -9666.9892578125 -1.2124103307724
5.279999999999999 -78.5224609375 -9687.826171875 -1.1925175189971924
5.289599999999999 -78.79931640625 -9706.9404296875 -1.2338876724243164
5.2992 -78.15576171875 -9725.9833984375 -1.2606768608093262
5.3088 -78.2451171875 -9745.88671875 -1.2547892332077026
5.3184000000000005 -78.65966796875 -9764.5830078125 -1.207188606262207
5.327999999999999 -78.7841796875 -9783.228515625 -1.1896194219589233
5.337599999999999 -78.5048828125 -9803.435546875 -1.1823420524597168
5.3472 -78.89892578125 -9823.759765625 -1.1447958946228027
5.3568 -79.0126953125 -9844.078125 -1.2862778902053833
5.3664 -78.6875 -9864.2236328125 -1.2179150581359863
5.3759999999999994 -78.72412109375 -9884.1630859375 -1.1823937892913818
5.3856 -78.81640625 -9903.583984375 -1.1683269739151
5.3952 -78.880859375 -9922.8837890625 -1.2515145540237427
5.4048 -78.5146484375 -9943.3984375 -1.2005038261413574
5.4144 -78.8603515625 -9963.443359375 -1.1362191438674927
5.4239999999999995 -78.89697265625 -9981.9150390625 -1.2267836332321167
5.4336 -78.7373046875 -10001.4599609375 -1.18086838722229
5.4432 -78.7451171875 -10021.0712890625 -1.2070894241333008
5.452799999999999 -78.642578125 -10041.935546875 -1.1642842292785645
5.4624 -79.07470703125 -10063.31640625 -1.1941438913345337
5.4719999999999995 -78.93212890625 -10083.451171875 -1.1855356693267822
5.4816 -78.81494140625 -10102.5615234375 -1.2535099983215332
5.4912 -78.58544921875 -10122.0615234375 -1.1844844818115234
5.500799999999999 -78.70947265625 -10142.30078125 -1.1740007400512695
5.5104 -78.7724609375 -10162.1572265625 -1.1500418186187744
5.52 -79.3642578125 -10182.64453125 -1.1858891248703003
5.5296 -78.51025390625 -10202.5654296875 -1.1664783954620361
5.539199999999999 -78.79443359375 -10221.9873046875 -1.250083327293396
5.5488 -79.03173828125 -10242.51171875 -1.1867653131484985
5.5584 -78.71630859375 -10262.587890625 -1.2445663213729858
5.568 -79.11474609375 -10282.7421875 -1.2110275030136108
5.5776 -79.49560546875 -10302.1962890625 -1.1427401304244995
5.587199999999999 -79.32177734375 -10322.048828125 -1.186523199081421
5.5968 -79.00146484375 -10341.6484375 -1.1918565034866333
5.6064 -79.0087890625 -10361.1591796875 -1.1914302110671997
5.6160000000000005 -78.716796875 -10381.353515625 -1.228615641593933
5.6255999999999995 -78.36865234375 -10401.15234375 -1.2252002954483032
5.635199999999999 -78.88232421875 -10420.0810546875 -1.172563076019287
5.6448 -78.85107421875 -10439.5751953125 -1.227927327156067
5.6544 -78.92822265625 -10459.09765625 -1.2317185401916504
5.663999999999999 -79.20849609375 -10478.6328125 -1.2160184383392334
5.6735999999999995 -78.7861328125 -10497.9697265625 -1.1916289329528809
5.683199999999999 -78.79296875 -10518.228515625 -1.3356300592422485
5.6928 -78.650390625 -10538.544921875 -1.2548831701278687
5.7024 -78.13232421875 -10558.466796875 -1.1713508367538452
5.712 -78.54443359375 -10577.3701171875 -1.2364470958709717
5.7216 -78.5595703125 -10596.828125 -1.1848493814468384
5.731199999999999 -78.75439453125 -10617.5380859375 -1.2434970140457153
5.7408 -78.5556640625 -10636.78125 -1.2196907997131348
5.750399999999999 -78.447265625 -10656.953125 -1.2519819736480713
5.76 -78.77978515625 -10677.2578125 -1.1818279027938843
5.7696 -78.77685546875 -10697.466796875 -1.2241555452346802
5.7792 -78.7705078125 -10716.62890625 -1.2133339643478394
5.7888 -78.4033203125 -10736.7197265625 -1.1252769231796265
5.798399999999999 -78.5947265625 -10757.5263671875 -1.2431384325027466
5.808 -79.1943359375 -10777.408203125 -1.1878985166549683
5.8176 -79.0732421875 -10798.0537109375 -1.257215142250061
5.8272 -78.8271484375 -10817.4072265625 -1.2433733940124512
5.836799999999999 -79.181640625 -10837.8037109375 -1.2598639726638794
5.846399999999999 -79.05712890625 -10858.28515625 -1.2577011585235596
5.856 -79.1181640625 -10877.39453125 -1.2241889238357544
5.8656 -79.54248046875 -10896.724609375 -1.2333409786224365
5.8752 -79.08544921875 -10916.5498046875 -1.2510524988174438
5.884799999999999 -79.19677734375 -10936.7333984375 -1.1899081468582153
5.894399999999999 -79.51806640625 -10956.3583984375 -1.19705069065094
5.904 -79.6259765625 -10977.3134765625 -1.1563411951065063
5.9136 -80.00390625 -10997.244140625 -1.1951555013656616
5.9232 -79.76513671875 -11018.076171875 -1.2684755325317383
5.932799999999999 -79.74755859375 -11039.2587890625 -1.1757742166519165
5.9424 -79.5751953125 -11059.751953125 -1.1700621843338013
5.952 -79.19482421875 -11078.8994140625 -1.1484227180480957
5.961600000000001 -79.638671875 -11097.796875 -1.1824476718902588
5.9712 -78.94580078125 -11117.7451171875 -1.2311248779296875
5.9807999999999995 -79.35791015625 -11138.54296875 -1.1483936309814453
5.9904 -79.0615234375 -11158.08984375 -1.1462905406951904
6.0 -79.2314453125 -11178.1796875 -1.159232258796692
6.009599999999999 -79.39306640625 -11198.5234375 -1.1577997207641602
6.0192 -79.64453125 -11218.93359375 -1.0859136581420898
6.0287999999999995 -79.58447265625 -11239.41796875 -1.1550815105438232
6.0384 -79.95751953125 -11259.5078125 -1.2496899366378784
6.047999999999999 -79.25 -11278.697265625 -1.0718998908996582
6.0576 -79.00634765625 -11299.236328125 -1.209787130355835
6.0672 -79.591796875 -11319.03515625 -1.157958984375
6.0767999999999995 -79.3662109375 -11338.728515625 -1.228406310081482
6.0864 -79.453125 -11358.78515625 -1.2428109645843506
6.095999999999999 -79.38720703125 -11380.1171875 -1.180968999862671
6.1056 -79.67626953125 -11400.19921875 -1.2412582635879517
6.1152 -79.6591796875 -11419.1357421875 -1.2471907138824463
6.1248000000000005 -79.62255859375 -11439.8681640625 -1.196372151374817
6.134399999999999 -79.2900390625 -11459.3603515625 -1.1185076236724854
6.143999999999999 -79.58837890625 -11478.498046875 -1.1893854141235352
6.1536 -79.72802734375 -11498.7421875 -1.1929411888122559
6.1632 -79.9912109375 -11519.17578125 -1.1226571798324585
6.1728000000000005 -79.787109375 -11539.16796875 -1.153482437133789
6.1823999999999995 -79.3818359375 -11559.9130859375 -1.1949554681777954
6.191999999999999 -79.49609375 -11579.107421875 -1.155387282371521
6.2016 -78.96875 -11599.5966796875 -1.2320384979248047
6.2112 -78.93798828125 -11620.9794921875 -1.1882200241088867
6.2208 -78.82275390625 -11641.1279296875 -1.1840776205062866
6.2303999999999995 -79.14453125 -11662.5615234375 -1.1661852598190308
6.239999999999999 -78.90234375 -11682.8056640625 -1.1855831146240234
6.2496 -78.787109375 -11703.6884765625 -1.1754990816116333
6.2592 -78.90478515625 -11724.0048828125 -1.181152105331421
6.2688 -79.4736328125 -11743.521484375 -1.1658666133880615
6.2783999999999995 -79.10205078125 -11764.6005859375 -1.1566704511642456
6.288 -79.546875 -11785.2900390625 -1.179887056350708
6.2976 -79.3779296875 -11805.5556640625 -1.2105122804641724
6.307199999999999 -79.04052734375 -11825.677734375 -1.202469825744629
6.3168 -79.13330078125 -11845.740234375 -1.2119286060333252
6.3264 -79.04736328125 -11865.41015625 -1.198455810546875
6.336 -79.38134765625 -11885.416015625 -1.1306939125061035
6.3456 -79.3642578125 -11904.8359375 -1.190941572189331
6.355199999999999 -79.23095703125 -11925.056640625 -1.130382776260376
6.3648 -78.79248046875 -11944.427734375 -1.167557954788208
6.3744 -78.86865234375 -11964.408203125 -1.194151759147644
6.384 -78.1162109375 -11984.220703125 -1.167609691619873
6.393599999999999 -78.56201171875 -12003.92578125 -1.109877586364746
6.403199999999999 -79.1884765625 -12024.103515625 -1.1853177547454834
6.4128 -79.0107421875 -12043.7705078125 -1.1718798875808716
6.4224 -78.81201171875 -12063.8798828125 -1.1278057098388672
6.432 -78.8759765625 -12084.271484375 -1.201508641242981
6.441599999999999 -79.3095703125 -12104.046875 -1.1400271654129028
6.4512 -79.88427734375 -12123.4052734375 -1.2013620138168335
6.4608 -79.36328125 -12142.2783203125 -1.1917518377304077
6.4704 -78.79296875 -12162.88671875 -1.1567021608352661
6.4799999999999995 -79.05322265625 -12181.919921875 -1.1067633628845215
6.489599999999999 -79.01171875 -12201.51171875 -1.1653119325637817
6.4992 -79.2001953125 -12222.1103515625 -1.0419032573699951
6.5088 -79.25146484375 -12243.380859375 -1.1265993118286133
6.518399999999999 -79.05126953125 -12263.396484375 -0.9710149765014648
6.528 -79.4404296875 -12282.87890625 -1.1245893239974976
6.537599999999999 -79.32763671875 -12303.505859375 -1.0470861196517944
6.5472 -79.67529296875 -12323.681640625 -1.0990731716156006
6.5568 -79.0361328125 -12344.6162109375 -1.171323537826538
6.566399999999999 -79.02880859375 -12364.025390625 -1.1722043752670288
6.576 -79.02783203125 -12383.646484375 -1.1451832056045532
6.5855999999999995 -79.2294921875 -12403.111328125 -1.1881458759307861
6.5952 -79.0322265625 -12423.21484375 -1.224608302116394
6.604799999999999 -79.2724609375 -12443.55078125 -1.1861010789871216
6.6144 -79.17431640625 -12463.017578125 -1.1305612325668335
6.624 -79.14990234375 -12483.0517578125 -1.2136362791061401
6.6335999999999995 -79.59814453125 -12502.275390625 -1.1609426736831665
6.6432 -80.0654296875 -12522.1708984375 -1.2105038166046143
6.652799999999999 -79.82763671875 -12542.3701171875 -1.178115725517273
6.6624 -80.10693359375 -12562.291015625 -1.2080646753311157
6.672 -80.13525390625 -12582.392578125 -1.191725254058838
6.6816 -79.79736328125 -12602.9619140625 -1.2200876474380493
6.691199999999999 -80.15478515625 -12622.828125 -1.2538334131240845
6.700799999999999 -79.64111328125 -12642.37109375 -1.1894564628601074
6.7104 -79.37109375 -12663.1220703125 -1.2060548067092896
6.72 -79.541015625 -12682.7900390625 -1.173332691192627
6.7296000000000005 -79.82958984375 -12703.5244140625 -1.1540149450302124
6.739199999999999 -79.65625 -12723.1884765625 -1.201302409172058
6.748799999999999 -79.4541015625 -12743.9873046875 -1.2064803838729858
6.7584 -79.892578125 -12764.0439453125 -1.1833075284957886
6.768 -79.71337890625 -12784.044921875 -1.2180595397949219
6.7776 -79.39697265625 -12804.1611328125 -1.2388529777526855
6.7871999999999995 -79.88525390625 -12823.640625 -1.1684517860412598
6.796799999999999 -79.09619140625 -12843.423828125 -1.100041151046753
6.8064 -79.0322265625 -12863.2978515625 -1.2141549587249756
6.816 -79.8486328125 -12882.80078125 -1.1108062267303467
6.8256 -79.75537109375 -12903.30078125 -1.1497280597686768
6.8351999999999995 -79.958984375 -12924.3818359375 -1.1579928398132324
6.8448 -79.87646484375 -12942.99609375 -1.2289193868637085
6.8544 -79.947265625 -12964.0009765625 -1.219692349433899
6.863999999999999 -79.56494140625 -12984.7236328125 -1.2602260112762451
6.8736 -79.34521484375 -13004.98828125 -1.1809684038162231
6.8831999999999995 -79.646484375 -13025.623046875 -1.1819738149642944
6.8928 -79.59423828125 -13044.822265625 -1.1581449508666992
6.9024 -79.79150390625 -13065.9755859375 -1.2026480436325073
6.911999999999999 -78.98779296875 -13086.29296875 -1.2191160917282104
6.9216 -79.31689453125 -13106.22265625 -1.164259433746338
6.9312 -79.66455078125 -13125.7783203125 -1.1229150295257568
6.9408 -80.05712890625 -13145.4423828125 -1.1835321187973022
6.950399999999999 -80.13134765625 -13164.3359375 -1.2233470678329468
6.959999999999999 -79.52490234375 -13183.728515625 -1.161784291267395
6.9696 -79.80908203125 -13203.6845703125 -1.1819610595703125
6.9792 -79.6416015625 -13224.376953125 -1.2016472816467285
6.9887999999999995 -79.9326171875 -13245.6494140625 -1.155773639678955
6.998399999999999 -79.51171875 -13265.2197265625 -1.196349859237671
7.008 -79.51220703125 -13284.8701171875 -1.242772102355957
7.0176 -79.45849609375 -13304.2294921875 -1.1729828119277954
7.027200000000001 -79.541015625 -13324.12109375 -1.2217525243759155
7.0367999999999995 -80.48388671875 -13344.0537109375 -1.2596012353897095
7.046399999999999 -80.859375 -13363.958984375 -1.1804028749465942
7.056 -79.9697265625 -13384.02734375 -1.2232680320739746
7.0656 -80.11669921875 -13403.865234375 -1.3338472843170166
7.075199999999999 -80.1806640625 -13424.779296875 -1.3641008138656616
7.0847999999999995 -79.77197265625 -13445.1064453125 -1.221842885017395
7.094399999999999 -80.0146484375 -13464.7529296875 -1.1796925067901611
7.104 -79.673828125 -13485.373046875 -1.150679349899292
7.1136 -79.9296875 -13505.5625 -1.120615839958191
7.1232 -79.72900390625 -13524.7109375 -1.1851344108581543
7.1328 -79.86767578125 -13543.8642578125 -1.1513246297836304
7.142399999999999 -79.7626953125 -13563.369140625 -1.2551722526550293
7.152 -79.93212890625 -13583.794921875 -1.2044718265533447
7.161599999999999 -79.4677734375 -13603.7890625 -1.1383004188537598
7.1712 -80.04248046875 -13624.5615234375 -1.1907726526260376
7.1808 -79.66455078125 -13644.607421875 -1.240297794342041
7.1904 -79.7109375 -13665.2265625 -1.245276689529419
7.2 -80.25634765625 -13687.1201171875 -1.2453023195266724
7.209599999999999 -80.5302734375 -13709.0390625 -1.262333631515503
7.2192 -80.33984375 -13729.9052734375 -1.2274658679962158
7.2288 -80.57080078125 -13751.130859375 -1.2135051488876343
7.2384 -80.8271484375 -13771.36328125 -1.2584396600723267
7.247999999999999 -80.78564453125 -13791.404296875 -1.2406286001205444
7.257599999999999 -80.470703125 -13812.84375 -1.2437478303909302
7.2672 -80.021484375 -13833.6142578125 -1.2447293996810913
7.2768 -80.31982421875 -13854.158203125 -1.2385859489440918
7.2864 -80.56396484375 -13873.8515625 -1.2108206748962402
7.295999999999999 -80.3115234375 -13893.736328125 -1.226569414138794
7.305599999999999 -80.451171875 -13913.0244140625 -1.2054376602172852
7.3152 -80.673828125 -13932.2578125 -1.2434889078140259
7.3248 -80.2353515625 -13952.767578125 -1.1640582084655762
7.3344 -80.07958984375 -13973.267578125 -1.1778100728988647
7.343999999999999 -80.1748046875 -13992.8173828125 -1.2419886589050293
7.3536 -80.6201171875 -14012.9296875 -1.250090479850769
7.3632 -80.9892578125 -14033.53515625 -1.2819187641143799
7.3728 -81.63720703125 -14053.595703125 -1.361290454864502
7.3824 -81.45263671875 -14074.8564453125 -1.257725715637207
7.3919999999999995 -81.3564453125 -14095.0322265625 -1.3302533626556396
7.4016 -81.14599609375 -14115.5322265625 -1.3713879585266113
7.4112 -81.34130859375 -14136.330078125 -1.3602111339569092
7.420799999999999 -80.98974609375 -14156.494140625 -1.31383216381073
7.4304 -81.3017578125 -14176.779296875 -1.2308242321014404
7.4399999999999995 -81.3134765625 -14197.1142578125 -1.2656670808792114
7.4496 -81.43017578125 -14217.3212890625 -1.2540775537490845
7.459199999999999 -81.34130859375 -14237.7734375 -1.2785073518753052
7.468799999999999 -81.50732421875 -14258.72265625 -1.285617709159851
7.4784 -82.1357421875 -14279.4501953125 -1.197056770324707
7.4879999999999995 -82.02001953125 -14299.9599609375 -1.3490616083145142
7.4976 -82.2060546875 -14320.068359375 -1.314945101737976
7.507199999999999 -81.9677734375 -14339.7529296875 -1.336345911026001
7.5168 -81.966796875 -14359.63671875 -1.293434977531433
7.5264 -81.9345703125 -14379.67578125 -1.282145380973816
7.536 -82.0341796875 -14399.3330078125 -1.2894361019134521
7.545599999999999 -82.02001953125 -14419.142578125 -1.19468355178833
7.555199999999999 -81.8173828125 -14439.8466796875 -1.2649624347686768
7.5648 -82.140625 -14459.6845703125 -1.3518468141555786
7.5744 -81.994140625 -14478.8828125 -1.2797977924346924
7.5840000000000005 -81.48291015625 -14499.5615234375 -1.2244114875793457
7.5935999999999995 -81.85888671875 -14518.62109375 -1.2746740579605103
7.603199999999999 -82.10302734375 -14538.0771484375 -1.307188630104065
7.6128 -81.88330078125 -14559.03125 -1.232972502708435
7.6224 -81.677734375 -14578.564453125 -1.2283469438552856
7.631999999999999 -81.609375 -14599.498046875 -1.295541524887085
7.6415999999999995 -81.62255859375 -14619.1240234375 -1.2415372133255005
7.651199999999999 -81.6171875 -14638.6142578125 -1.2713087797164917
7.6608 -81.830078125 -14658.546875 -1.157501459121704
7.6704 -81.740234375 -14679.28125 -1.2329487800598145
7.68 -81.9345703125 -14699.439453125 -1.2530087232589722
7.6895999999999995 -81.38623046875 -14719.802734375 -1.2515662908554077
7.699199999999999 -81.30078125 -14740.07421875 -1.2680383920669556
7.7088 -81.3251953125 -14760.939453125 -1.2581603527069092
7.718399999999999 -81.390625 -14780.234375 -1.227970838546753
7.728 -81.57373046875 -14800.66015625 -1.2589162588119507
7.7376 -81.4951171875 -14821.3818359375 -1.272498369216919
7.7472 -81.6943359375 -14840.87109375 -1.2301706075668335
7.7568 -81.6044921875 -14860.62109375 -1.2443947792053223
7.766399999999999 -81.03662109375 -14880.935546875 -1.2366856336593628
7.776 -81.28759765625 -14901.818359375 -1.2242319583892822
7.7856 -81.4072265625 -14922.07421875 -1.2883223295211792
7.7952 -81.0263671875 -14942.1328125 -1.2909488677978516
7.804799999999999 -81.26953125 -14962.2607421875 -1.27718186378479
7.814399999999999 -81.39404296875 -14981.7470703125 -1.3088815212249756
7.824 -81.47021484375 -15000.927734375 -1.272627353668213
7.8336 -81.70947265625 -15019.7080078125 -1.2894227504730225
7.8431999999999995 -81.56689453125 -15039.6591796875 -1.3455874919891357
7.852799999999999 -81.38671875 -15059.3935546875 -1.2873021364212036
7.862399999999999 -81.70947265625 -15079.083984375 -1.242029070854187
7.872 -81.662109375 -15099.638671875 -1.2393237352371216
7.8816 -81.55517578125 -15120.65234375 -1.223912000656128
7.8911999999999995 -80.89599609375 -15140.517578125 -1.2257723808288574
7.900799999999999 -81.3564453125 -15160.3447265625 -1.2094804048538208
7.9104 -81.94677734375 -15180.255859375 -1.186295747756958
7.92 -82.0205078125 -15200.373046875 -1.245374321937561
7.929599999999999 -81.86767578125 -15220.318359375 -1.1728627681732178
7.9392 -81.642578125 -15240.1796875 -1.2473987340927124
7.948799999999999 -81.841796875 -15260.240234375 -1.2357524633407593
7.9584 -81.2099609375 -15279.8798828125 -1.2610564231872559
7.968 -81.32470703125 -15299.8115234375 -1.281583547592163
7.977599999999999 -81.25732421875 -15319.939453125 -1.1775299310684204
7.9872 -81.2802734375 -15340.0107421875 -1.257624626159668
7.9967999999999995 -81.349609375 -15359.478515625 -1.2966194152832031
8.0064 -81.4521484375 -15378.6162109375 -1.3294473886489868
8.016 -81.63134765625 -15398.7890625 -1.308699369430542
8.025599999999999 -81.50927734375 -15418.3486328125 -1.3611857891082764
8.0352 -80.97607421875 -15438.138671875 -1.2618165016174316
8.0448 -81.68310546875 -15457.630859375 -1.3074381351470947
8.0544 -81.71337890625 -15478.544921875 -1.359907627105713
8.064 -81.357421875 -15498.6240234375 -1.2704191207885742
8.073599999999999 -81.4912109375 -15518.9970703125 -1.2209556102752686
8.0832 -81.21142578125 -15539.5556640625 -1.2351257801055908
8.0928 -81.60498046875 -15560.0390625 -1.2455004453659058
8.1024 -80.91162109375 -15580.171875 -1.238157033920288
8.112 -80.890625 -15601.1171875 -1.2253437042236328
8.121599999999999 -80.86181640625 -15620.5986328125 -1.3083635568618774
8.1312 -80.65771484375 -15641.521484375 -1.2797224521636963
8.1408 -81.15380859375 -15662.169921875 -1.377123475074768
8.1504 -80.9873046875 -15683.015625 -1.3202751874923706
8.16 -81.2822265625 -15704.0810546875 -1.3856658935546875
8.169599999999999 -81.0107421875 -15724.7587890625 -1.3067759275436401
8.1792 -81.46044921875 -15744.7529296875 -1.3186441659927368
8.188799999999999 -81.34765625 -15766.515625 -1.285941481590271
8.1984 -80.62841796875 -15786.197265625 -1.2208741903305054
8.208 -80.99267578125 -15805.763671875 -1.3246955871582031
8.2176 -80.67919921875 -15826.15625 -1.290225863456726
8.2272 -80.607421875 -15846.66796875 -1.2590945959091187
8.236799999999999 -80.89794921875 -15867.6689453125 -1.178001046180725
8.2464 -80.81787109375 -15888.1552734375 -1.3153393268585205
8.256 -81.0732421875 -15908.927734375 -1.2731847763061523
8.2656 -80.91357421875 -15930.1728515625 -1.3128340244293213
8.2752 -79.59521484375 -15950.5625 -1.2161264419555664
8.284799999999999 -79.66455078125 -15970.978515625 -1.2807905673980713
8.2944 -80.369140625 -15991.6357421875 -1.2421934604644775
8.304 -80.53125 -16012.3974609375 -1.2590034008026123
8.3136 -80.587890625 -16032.931640625 -1.3219279050827026
8.3232 -80.72314453125 -16053.3818359375 -1.2117208242416382
8.332799999999999 -80.62939453125 -16073.6962890625 -1.2569642066955566
8.3424 -80.53173828125 -16094.978515625 -1.3246351480484009
8.352 -80.7353515625 -16115.865234375 -1.3509751558303833
8.3616 -80.31884765625 -16137.05078125 -1.2278631925582886
8.3712 -80.14013671875 -16158.796875 -1.2432031631469727
8.380799999999999 -80.28271484375 -16180.0947265625 -1.2685036659240723
8.3904 -80.3232421875 -16200.833984375 -1.1960796117782593
8.399999999999999 -80.20361328125 -16220.7236328125 -1.281622052192688
8.4096 -80.533203125 -16241.921875 -1.2699816226959229
8.4192 -80.5517578125 -16262.96875 -1.238816499710083
8.428799999999999 -80.11083984375 -16284.09765625 -1.2505096197128296
8.4384 -80.30029296875 -16304.740234375 -1.3427013158798218
8.447999999999999 -80.24609375 -16324.83984375 -1.3109809160232544
8.4576 -80.09619140625 -16345.4716796875 -1.3638290166854858
8.4672 -79.97265625 -16366.1796875 -1.3018321990966797
8.4768 -79.486328125 -16387.1328125 -1.3007256984710693
8.4864 -79.5654296875 -16407.73046875 -1.3013800382614136
8.495999999999999 -79.44287109375 -16429.466796875 -1.2465845346450806
8.5056 -79.79736328125 -16449.828125 -1.3269574642181396
8.5152 -79.9208984375 -16470.1796875 -1.3162999153137207
8.5248 -80.171875 -16489.8359375 -1.1638356447219849
8.5344 -80.1904296875 -16509.67578125 -1.2242052555084229
8.543999999999999 -79.83740234375 -16530.52734375 -1.1868770122528076
8.5536 -80.6572265625 -16550.875 -1.3269587755203247
8.5632 -80.802734375 -16571.29296875 -1.2783119678497314
8.572799999999999 -80.52978515625 -16592.755859375 -1.2858848571777344
8.5824 -80.298828125 -16613.408203125 -1.2008754014968872
8.591999999999999 -80.3701171875 -16634.0234375 -1.3043440580368042
8.6016 -80.5126953125 -16654.427734375 -1.2344428300857544
8.6112 -80.9443359375 -16675.96484375 -1.1892586946487427
8.6208 -81.40478515625 -16696.88671875 -1.277005672454834
8.6304 -81.28125 -16716.5390625 -1.2405811548233032
8.64 -81.47509765625 -16735.72265625 -1.3486108779907227
8.6496 -81.359375 -16756.328125 -1.245169997215271
8.659199999999998 -80.64306640625 -16777.46875 -1.2811261415481567
8.6688 -80.740234375 -16798.56640625 -1.2402980327606201
8.6784 -80.40380859375 -16818.9921875 -1.3026700019836426
8.688 -80.5576171875 -16839.47265625 -1.2289100885391235
8.6976 -80.7783203125 -16860.265625 -1.291841983795166
8.707199999999998 -81.29443359375 -16880.43359375 -1.3123482465744019
8.7168 -81.41259765625 -16902.421875 -1.31424081325531
8.7264 -81.10107421875 -16922.888671875 -1.2057535648345947
8.736 -81.3623046875 -16944.5 -1.2535524368286133
8.7456 -80.97509765625 -16965.115234375 -1.1933505535125732
8.7552 -81.4794921875 -16985.564453125 -1.2720372676849365
8.7648 -81.0986328125 -17007.6328125 -1.3595311641693115
8.7744 -81.83349609375 -17027.576171875 -1.3074733018875122
8.783999999999999 -81.28125 -17048.181640625 -1.2846981287002563
8.7936 -81.5888671875 -17069.72265625 -1.3198782205581665
8.8032 -81.24072265625 -17090.453125 -1.3309210538864136
8.8128 -81.4638671875 -17110.83203125 -1.3333202600479126
8.8224 -81.18310546875 -17130.36328125 -1.3250761032104492
8.831999999999999 -81.4306640625 -17151.033203125 -1.325755000114441
8.8416 -81.28515625 -17171.904296875 -1.3052176237106323
8.8512 -81.34521484375 -17192.275390625 -1.3157179355621338
8.8608 -80.97119140625 -17213.359375 -1.2626523971557617
8.870399999999998 -80.87109375 -17234.62890625 -1.3263064622879028
8.879999999999999 -80.46630859375 -17256.09375 -1.2721097469329834
8.8896 -80.6123046875 -17277.041015625 -1.278356671333313
8.8992 -80.13232421875 -17298.642578125 -1.227053165435791
8.9088 -80.2294921875 -17319.1640625 -1.2965444326400757
8.9184 -80.49609375 -17340.24609375 -1.260293960571289
8.927999999999999 -80.60205078125 -17360.5859375 -1.3149925470352173
8.9376 -80.3115234375 -17380.80859375 -1.290018916130066
8.9472 -80.8173828125 -17401.54296875 -1.2562087774276733
8.9568 -80.44482421875 -17421.34375 -1.2552118301391602
8.9664 -80.6240234375 -17441.34765625 -1.3066996335983276
8.975999999999999 -80.86083984375 -17461.439453125 -1.329512596130371
8.9856 -80.7373046875 -17481.958984375 -1.3354687690734863
8.9952 -80.66455078125 -17501.98828125 -1.2846968173980713
9.0048 -81.0595703125 -17521.05859375 -1.2878016233444214
9.0144 -81.1552734375 -17541.52734375 -1.3212387561798096
9.024 -80.90234375 -17563.39453125 -1.2558807134628296
9.0336 -80.47119140625 -17583.662109375 -1.2157831192016602
9.043199999999999 -80.498046875 -17604.64453125 -1.2370201349258423
9.0528 -80.74169921875 -17626.33203125 -1.3214936256408691
9.0624 -80.7138671875 -17646.564453125 -1.2652792930603027
9.072 -80.447265625 -17667.583984375 -1.2764701843261719
9.0816 -80.6484375 -17688.388671875 -1.268584132194519
9.091199999999999 -80.60546875 -17708.380859375 -1.2401623725891113
9.1008 -80.04638671875 -17728.69140625 -1.2778515815734863
9.1104 -80.66455078125 -17748.6328125 -1.2759318351745605
9.12 -80.68212890625 -17768.81640625 -1.2780667543411255
9.1296 -81.111328125 -17789.05859375 -1.2646763324737549
9.139199999999999 -81.37353515625 -17808.919921875 -1.206419825553894
9.1488 -80.8544921875 -17828.720703125 -1.3318501710891724
9.1584 -80.46240234375 -17849.443359375 -1.2594386339187622
9.168 -80.55810546875 -17869.068359375 -1.3055758476257324
9.1776 -81.12451171875 -17889.91015625 -1.3163044452667236
9.187199999999999 -81.65771484375 -17910.28125 -1.3329102993011475
9.1968 -81.23779296875 -17930.1640625 -1.3139723539352417
9.2064 -81.1455078125 -17949.6953125 -1.3383264541625977
9.216 -80.5830078125 -17970.09765625 -1.260043740272522
9.2256 -81.08251953125 -17991.4375 -1.2917680740356445
9.235199999999999 -81.3203125 -18011.8828125 -1.3218531608581543
9.2448 -81.048828125 -18032.095703125 -1.3297734260559082
9.254399999999999 -81.01171875 -18052.224609375 -1.3237143754959106
9.264 -81.06591796875 -18072.69140625 -1.3670120239257813
9.2736 -81.13134765625 -18092.931640625 -1.320738673210144
9.283199999999999 -80.9755859375 -18113.521484375 -1.3152470588684082
9.2928 -81.154296875 -18133.89453125 -1.3237085342407227
9.302399999999999 -81.13916015625 -18153.8203125 -1.2809334993362427
9.312 -81.0751953125 -18174.525390625 -1.3163881301879883
9.3216 -81.22412109375 -18194.4296875 -1.3347946405410767
9.331199999999999 -81.32763671875 -18214.337890625 -1.3038548231124878
9.3408 -81.453125 -18236.044921875 -1.3327254056930542
9.350399999999999 -81.7431640625 -18256.5859375 -1.29121732711792
9.36 -82.05810546875 -18277.265625 -1.3291457891464233
9.3696 -81.97607421875 -18298.5078125 -1.367174506187439
9.3792 -81.88671875 -18318.994140625 -1.4141664505004883
9.3888 -81.76025390625 -18340.76953125 -1.3768233060836792
9.3984 -81.66455078125 -18362.33984375 -1.2361515760421753
9.408 -81.32958984375 -18382.70703125 -1.3197822570800781
9.417599999999998 -81.64501953125 -18403.291015625 -1.2975929975509644
9.427200000000001 -81.4560546875 -18424.16015625 -1.2902439832687378
9.4368 -81.58984375 -18445.9921875 -1.3622568845748901
9.446399999999999 -81.78125 -18467.40625 -1.3506040573120117
9.456 -81.9375 -18488.36328125 -1.3986481428146362
9.465599999999998 -82.013671875 -18509.74609375 -1.4071944952011108
9.475200000000001 -82.5341796875 -18528.9453125 -1.3723641633987427
9.4848 -82.74658203125 -18548.65625 -1.3778390884399414
9.494399999999999 -82.56884765625 -18569.080078125 -1.3308954238891602
9.504 -82.896484375 -18589.5390625 -1.2759093046188354
9.513599999999999 -83.31982421875 -18610.771484375 -1.3591923713684082
9.523200000000001 -82.7998046875 -18632.953125 -1.38182532787323
9.5328 -83.2705078125 -18654.732421875 -1.3760451078414917
9.542399999999999 -83.63427734375 -18675.115234375 -1.4136955738067627
9.552 -83.1064453125 -18694.76171875 -1.4093214273452759
9.561599999999999 -83.1005859375 -18716.0703125 -1.3192042112350464
9.571200000000001 -83.19970703125 -18738.06640625 -1.3123090267181396
9.5808 -82.970703125 -18759.55078125 -1.3001338243484497
9.590399999999999 -83.109375 -18779.970703125 -1.28003990650177
9.6 -82.91845703125 -18800.546875 -1.2757562398910522
9.609599999999999 -82.64501953125 -18820.65625 -1.3107534646987915
9.6192 -82.93408203125 -18842.23828125 -1.3368325233459473
9.6288 -83.19873046875 -18863.1484375 -1.3582619428634644
9.638399999999999 -82.92041015625 -18885.19921875 -1.3302092552185059
9.648 -82.78662109375 -18905.912109375 -1.3731003999710083
9.657599999999999 -83.2509765625 -18926.51171875 -1.304214358329773
9.6672 -83.57763671875 -18947.607421875 -1.2878772020339966
9.6768 -83.66796875 -18968.375 -1.3458480834960938
9.686399999999999 -83.4697265625 -18989.2734375 -1.3327341079711914
9.696 -83.341796875 -19008.6953125 -1.3311474323272705
9.7056 -82.9345703125 -19029.390625 -1.2903380393981934
9.7152 -82.9287109375 -19050.201171875 -1.26216721534729
9.7248 -82.5693359375 -19070.97265625 -1.2913267612457275
9.734399999999999 -83.0634765625 -19091.392578125 -1.345636010169983
9.744 -82.890625 -19111.759765625 -1.2985600233078003
9.7536 -83.1611328125 -19133.2578125 -1.2826820611953735
9.7632 -83.078125 -19153.68359375 -1.3478527069091797
9.7728 -82.3720703125 -19174.80078125 -1.2555123567581177
9.782399999999999 -82.24609375 -19194.77734375 -1.2781788110733032
9.791999999999998 -82.1044921875 -19216.19140625 -1.3519588708877563
9.8016 -82.1123046875 -19237.578125 -1.2795106172561646
9.8112 -82.310546875 -19258.408203125 -1.2532305717468262
9.8208 -81.9716796875 -19279.212890625 -1.3736481666564941
9.8304 -82.2529296875 -19299.54296875 -1.226972222328186
9.839999999999998 -82.11328125 -19320.5 -1.278368592262268
9.8496 -82.50390625 -19340.6875 -1.2791111469268799
9.8592 -82.4287109375 -19360.234375 -1.2585318088531494
9.8688 -82.8349609375 -19380.4296875 -1.247144341468811
9.8784 -82.6171875 -19401.587890625 -1.3743071556091309
9.887999999999998 -83.0029296875 -19421.84765625 -1.3140126466751099
9.8976 -82.7841796875 -19443.162109375 -1.3855912685394287
9.9072 -82.83984375 -19464.30859375 -1.378525972366333
9.916799999999999 -82.625 -19484.75390625 -1.3681334257125854
9.9264 -82.87109375 -19506.31640625 -1.3792093992233276
9.935999999999998 -82.5869140625 -19526.935546875 -1.317286729812622
9.9456 -82.9306640625 -19547.890625 -1.2930843830108643
9.9552 -82.1845703125 -19569.322265625 -1.3946141004562378
9.964799999999999 -82.564453125 -19590.3515625 -1.3198713064193726
9.9744 -82.482421875 -19611.484375 -1.370147466659546
9.984 -83.134765625 -19633.109375 -1.366161823272705
9.9936 -82.9609375 -19652.8515625 -1.3637365102767944
10.0032 -82.8427734375 -19673.025390625 -1.3196218013763428
10.012799999999999 -82.5986328125 -19694.119140625 -1.3325632810592651
10.0224 -82.619140625 -19714.8203125 -1.2855429649353027
10.032 -82.6591796875 -19735.140625 -1.326694130897522
10.0416 -82.712890625 -19756.373046875 -1.3412402868270874
10.0512 -82.8779296875 -19776.875 -1.3173571825027466
10.060799999999999 -83.365234375 -19796.771484375 -1.2507330179214478
10.0704 -83.009765625 -19818.1640625 -1.3410751819610596
10.08 -83.083984375 -19839.1171875 -1.2902501821517944
10.089599999999999 -83.005859375 -19860.771484375 -1.3354469537734985
10.0992 -83.0908203125 -19880.767578125 -1.3422813415527344
10.108799999999999 -82.9365234375 -19900.97265625 -1.368166446685791
10.118400000000001 -82.7255859375 -19921.203125 -1.354159951210022
10.128 -83.0625 -19940.73828125 -1.3093899488449097
10.137599999999999 -82.625 -19960.361328125 -1.3122951984405518
10.1472 -82.6728515625 -19981.15625 -1.3164395093917847
10.156799999999999 -82.9765625 -20001.83203125 -1.2840381860733032
10.166400000000001 -83.3525390625 -20022.83203125 -1.2858197689056396
10.176 -83.1044921875 -20043.443359375 -1.358230471611023
10.185599999999999 -82.5966796875 -20063.81640625 -1.3702203035354614
10.1952 -82.3447265625 -20084.015625 -1.4027681350708008
10.204799999999999 -82.6845703125 -20104.46875 -1.3794000148773193
10.214400000000001 -82.4208984375 -20125.70703125 -1.4110573530197144
10.224 -82.8154296875 -20145.80078125 -1.3557895421981812
10.2336 -83.0322265625 -20166.76953125 -1.4061836004257202
10.2432 -82.30078125 -20186.546875 -1.3807551860809326
10.252799999999999 -82.609375 -20206.96875 -1.3299129009246826
10.262399999999998 -82.40234375 -20227.37890625 -1.3255317211151123
10.272 -81.9814453125 -20248.001953125 -1.3337740898132324
10.2816 -82.048828125 -20269.9140625 -1.243805170059204
10.2912 -82.6220703125 -20290.88671875 -1.3289750814437866
10.300799999999999 -82.8935546875 -20312.02734375 -1.3854812383651733
10.3104 -82.5859375 -20331.51171875 -1.4132063388824463
10.32 -82.9501953125 -20351.53515625 -1.4594318866729736
10.3296 -82.818359375 -20372.08203125 -1.3850773572921753
10.3392 -82.57421875 -20391.419921875 -1.4572992324829102
10.348799999999999 -82.8505859375 -20412.400390625 -1.4452917575836182
10.3584 -82.8046875 -20433.439453125 -1.3667207956314087
10.368 -82.4423828125 -20454.35546875 -1.4376462697982788
10.3776 -82.5107421875 -20475.109375 -1.4149961471557617
10.387199999999998 -82.537109375 -20494.650390625 -1.4433047771453857
10.396799999999999 -82.3095703125 -20514.14453125 -1.4159847497940063
10.4064 -82.6240234375 -20534.75 -1.4133944511413574
10.416 -82.005859375 -20555.837890625 -1.4266067743301392
10.4256 -82.7158203125 -20576.13671875 -1.3705800771713257
10.435199999999998 -82.70703125 -20595.134765625 -1.3662195205688477
10.4448 -82.7685546875 -20614.99609375 -1.4603599309921265
10.4544 -83.07421875 -20635.900390625 -1.2725164890289307
10.464 -82.9443359375 -20656.044921875 -1.3141449689865112
10.4736 -82.6318359375 -20676.876953125 -1.3162848949432373
10.483199999999998 -82.4375 -20698.14453125 -1.3399088382720947
10.4928 -81.9462890625 -20717.44921875 -1.3706239461898804
10.5024 -82.3837890625 -20737.46875 -1.2571935653686523
10.512 -82.166015625 -20757.529296875 -1.29649019241333
10.5216 -82.1337890625 -20778.52734375 -1.3221569061279297
10.531199999999998 -82.2685546875 -20799.091796875 -1.266100287437439
10.5408 -82.478515625 -20820.125 -1.2977933883666992
10.5504 -82.7158203125 -20840.671875 -1.3241223096847534
10.559999999999999 -82.5615234375 -20861.83203125 -1.3357747793197632
10.5696 -82.3388671875 -20881.689453125 -1.3494737148284912
10.579199999999998 -82.30078125 -20901.818359375 -1.338318109512329
10.5888 -82.6484375 -20922.30859375 -1.3687477111816406
10.5984 -82.7333984375 -20942.82421875 -1.2973090410232544
10.607999999999999 -82.291015625 -20963.4609375 -1.2976092100143433
10.6176 -82.263671875 -20984.1484375 -1.3131921291351318
10.627199999999998 -82.3583984375 -21005.82421875 -1.3709285259246826
10.636800000000001 -82.55859375 -21026.767578125 -1.3277488946914673
10.6464 -82.873046875 -21047.05078125 -1.3290523290634155
10.655999999999999 -82.7451171875 -21067.06640625 -1.3527158498764038
10.6656 -82.70703125 -21086.51171875 -1.3196791410446167
10.675199999999998 -82.37109375 -21105.61328125 -1.2475860118865967
10.684800000000001 -82.390625 -21125.94921875 -1.3328999280929565
10.6944 -82.7451171875 -21145.83984375 -1.3411020040512085
10.703999999999999 -82.708984375 -21166.365234375 -1.2692548036575317
10.7136 -82.6337890625 -21187.640625 -1.2867542505264282
10.723199999999999 -82.1435546875 -21208.8671875 -1.2690197229385376
10.7328 -82.1787109375 -21229.99609375 -1.2771209478378296
10.7424 -82.5537109375 -21250.4140625 -1.2964215278625488
10.751999999999999 -82.7880859375 -21271.34765625 -1.2823400497436523
10.7616 -82.5615234375 -21292.16796875 -1.2898627519607544
10.7712 -82.5517578125 -21312.96875 -1.3111766576766968
10.7808 -82.7294921875 -21333.10546875 -1.3178595304489136
10.7904 -82.8134765625 -21352.90234375 -1.3986014127731323
10.799999999999999 -82.7412109375 -21373.580078125 -1.33733332157135
10.8096 -82.7890625 -21394.34375 -1.297391653060913
10.8192 -82.9541015625 -21415.43359375 -1.3708585500717163
10.8288 -82.9091796875 -21436.73046875 -1.310071587562561
10.8384 -83.0341796875 -21458.349609375 -1.4078948497772217
10.847999999999999 -82.953125 -21479.86328125 -1.411293387413025
10.857599999999998 -81.830078125 -21501.234375 -1.3488223552703857
10.8672 -82.318359375 -21520.9140625 -1.4125759601593018
10.8768 -82.3583984375 -21541.4453125 -1.4128206968307495
10.8864 -82.630859375 -21561.009765625 -1.4017850160598755
10.895999999999999 -82.8291015625 -21581.68359375 -1.414219617843628
10.905599999999998 -82.7958984375 -21601.814453125 -1.3720248937606812
10.9152 -82.94921875 -21623.19140625 -1.3241422176361084
10.9248 -82.75390625 -21644.470703125 -1.328035593032837
10.9344 -82.994140625 -21664.19140625 -1.3812922239303589
10.943999999999999 -82.5732421875 -21683.96484375 -1.3913201093673706
10.953599999999998 -82.8955078125 -21704.84765625 -1.4229565858840942
10.9632 -82.3544921875 -21724.81640625 -1.4175574779510498
10.9728 -82.265625 -21746.0390625 -1.3875972032546997
10.9824 -82.7373046875 -21766.8046875 -1.4347845315933228
10.991999999999999 -82.4443359375 -21789.30859375 -1.4152703285217285
11.001599999999998 -83.0791015625 -21811.603515625 -1.3185149431228638
11.0112 -82.7314453125 -21832.8125 -1.3225041627883911
11.0208 -83.0810546875 -21854.5703125 -1.2670961618423462
11.030399999999998 -82.7177734375 -21875.857421875 -1.353704571723938
11.04 -82.6640625 -21896.251953125 -1.2712407112121582
11.0496 -82.6787109375 -21916.498046875 -1.3739409446716309
11.0592 -82.6357421875 -21936.75 -1.3802951574325562
11.0688 -82.748046875 -21957.8828125 -1.317262887954712
11.078399999999998 -82.9111328125 -21978.736328125 -1.3763076066970825
11.088 -82.501953125 -21999.9453125 -1.3753210306167603
11.0976 -82.6513671875 -22021.35546875 -1.3320785760879517
11.1072 -82.6259765625 -22041.896484375 -1.3823976516723633
11.1168 -82.7685546875 -22063.390625 -1.3859608173370361
11.126399999999999 -82.986328125 -22084.26171875 -1.379349946975708
11.136 -82.8544921875 -22105.208984375 -1.3387329578399658
11.1456 -82.40625 -22127.3828125 -1.4156280755996704
11.1552 -82.67578125 -22148.896484375 -1.3513888120651245
11.1648 -82.7626953125 -22172.048828125 -1.3733314275741577
11.174399999999999 -82.4443359375 -22193.6875 -1.3093030452728271
11.184000000000001 -82.8115234375 -22214.54296875 -1.348667025566101
11.1936 -82.6953125 -22235.236328125 -1.3240320682525635
11.203199999999999 -82.787109375 -22255.515625 -1.274278163909912
11.2128 -82.798828125 -22275.734375 -1.4183082580566406
11.222399999999999 -82.775390625 -22298.005859375 -1.3315010070800781
11.232000000000001 -82.1953125 -22318.93359375 -1.4444694519042969
11.2416 -82.45703125 -22340.626953125 -1.356931209564209
11.251199999999999 -82.853515625 -22362.337890625 -1.3747786283493042
11.2608 -82.8095703125 -22384.0546875 -1.3852683305740356
11.270399999999999 -82.982421875 -22405.248046875 -1.360639214515686
11.280000000000001 -82.900390625 -22425.287109375 -1.4041544198989868
11.2896 -82.5634765625 -22446.21484375 -1.3753125667572021
11.299199999999999 -82.7509765625 -22468.130859375 -1.3977843523025513
11.3088 -83.3876953125 -22490.22265625 -1.3550193309783936
11.318399999999999 -82.984375 -22511.125 -1.3280211687088013
11.327999999999998 -83.556640625 -22531.21875 -1.366999626159668
11.3376 -83.1376953125 -22551.85546875 -1.3291089534759521
11.347199999999999 -83.0732421875 -22573.2734375 -1.3376867771148682
11.3568 -83.3369140625 -22594.603515625 -1.3127187490463257
11.366399999999999 -83.0498046875 -22616.287109375 -1.3967584371566772
11.376 -83.2138671875 -22637.828125 -1.355169653892517
11.3856 -82.939453125 -22659.099609375 -1.3937498331069946
11.395199999999999 -82.7275390625 -22679.517578125 -1.3177005052566528
11.4048 -82.572265625 -22700.82421875 -1.3767554759979248
11.414399999999999 -82.9609375 -22722.47265625 -1.3258402347564697
11.424 -82.880859375 -22744.10546875 -1.3723585605621338
11.4336 -83.138671875 -22765.69921875 -1.3644824028015137
11.4432 -83.25 -22787.0546875 -1.3072994947433472
11.4528 -82.9306640625 -22809.01953125 -1.3955869674682617
11.462399999999999 -82.474609375 -22829.89453125 -1.3830803632736206
11.472 -82.3076171875 -22850.98828125 -1.377785563468933
11.4816 -82.935546875 -22872.794921875 -1.4353834390640259
11.4912 -82.998046875 -22894.658203125 -1.350061058998108
11.500799999999998 -83.06640625 -22916.677734375 -1.350744366645813
11.5104 -82.357421875 -22939.099609375 -1.3314733505249023
11.52 -82.291015625 -22961.123046875 -1.3424057960510254
11.5296 -82.1572265625 -22983.744140625 -1.347066879272461
11.5392 -83.0 -23004.966796875 -1.370155692100525
11.548799999999998 -82.6845703125 -23026.396484375 -1.391191840171814
11.5584 -82.48046875 -23046.484375 -1.4076638221740723
11.568 -82.7705078125 -23067.37890625 -1.286867380142212
11.5776 -82.62890625 -23088.365234375 -1.3065599203109741
11.5872 -82.783203125 -23108.73828125 -1.2999242544174194
11.596799999999998 -82.7822265625 -23129.833984375 -1.2879616022109985
11.6064 -83.1806640625 -23150.5546875 -1.2864189147949219
11.616 -83.294921875 -23171.71875 -1.2983866930007935
11.625599999999999 -83.1943359375 -23192.759765625 -1.3601903915405273
11.6352 -82.78125 -23214.75 -1.3979257345199585
11.644799999999998 -82.85546875 -23236.240234375 -1.3736571073532104
11.6544 -82.7763671875 -23258.251953125 -1.3624720573425293
11.664 -83.0029296875 -23279.06640625 -1.3900079727172852
11.673599999999999 -82.4453125 -23300.625 -1.371881365776062
11.6832 -83.0712890625 -23322.833984375 -1.3829765319824219
11.692799999999998 -83.2685546875 -23343.908203125 -1.3733346462249756
11.7024 -83.1748046875 -23364.140625 -1.3626651763916016
11.712 -82.6982421875 -23385.966796875 -1.3950515985488892
11.721599999999999 -82.6875 -23406.9765625 -1.4272739887237549
11.7312 -82.400390625 -23428.48828125 -1.3645790815353394
11.740799999999998 -82.267578125 -23450.49609375 -1.4190990924835205
11.7504 -82.5341796875 -23472.31640625 -1.4090572595596313
11.76 -82.8095703125 -23494.75 -1.4381742477416992
11.769599999999999 -82.927734375 -23516.83984375 -1.4009679555892944
11.7792 -83.525390625 -23538.5859375 -1.4296399354934692
11.788799999999998 -83.201171875 -23560.671875 -1.4655044078826904
11.798399999999999 -83.1962890625 -23581.05859375 -1.4288413524627686
11.808 -83.4853515625 -23602.3359375 -1.412632703781128
11.817599999999999 -83.5009765625 -23623.984375 -1.4059196710586548
11.8272 -83.4755859375 -23643.720703125 -1.4136215448379517
11.8368 -83.740234375 -23663.125 -1.410434365272522
11.8464 -83.392578125 -23684.03125 -1.4343980550765991
11.856 -83.1826171875 -23704.810546875 -1.429072380065918
11.865599999999999 -83.25 -23726.501953125 -1.3817784786224365
11.8752 -83.70703125 -23747.740234375 -1.4249420166015625
11.8848 -83.5146484375 -23768.27734375 -1.4474620819091797
11.8944 -83.5048828125 -23788.849609375 -1.3455721139907837
11.904 -83.580078125 -23809.375 -1.3435189723968506
11.913599999999999 -83.5380859375 -23830.9453125 -1.3496379852294922
11.923200000000001 -83.5830078125 -23852.09375 -1.3992125988006592
11.9328 -83.3115234375 -23872.4921875 -1.4406957626342773
11.9424 -83.2373046875 -23893.107421875 -1.4221230745315552
11.952 -83.826171875 -23914.73046875 -1.439841389656067
11.961599999999999 -83.7119140625 -23936.33984375 -1.4148976802825928
11.971199999999998 -83.5087890625 -23958.326171875 -1.3164880275726318
11.9808 -83.7373046875 -23980.37109375 -1.4551053047180176
11.9904 -83.080078125 -24002.318359375 -1.3722355365753174
12.0 -83.40625 -24025.18359375 -1.37122642993927
12.009599999999999 -83.8154296875 -24048.302734375 -1.419825553894043
12.019199999999998 -83.2431640625 -24069.265625 -1.4091888666152954
12.0288 -83.42578125 -24090.38671875 -1.3953125476837158
12.0384 -83.3408203125 -24110.892578125 -1.4464595317840576
12.048 -82.4619140625 -24131.9140625 -1.3909491300582886
12.057599999999999 -82.25 -24152.625 -1.407942533493042
12.067199999999998 -82.646484375 -24172.67578125 -1.3715927600860596
12.0768 -82.4658203125 -24193.462890625 -1.3730640411376953
12.0864 -82.5927734375 -24213.71875 -1.3573602437973022
12.095999999999998 -82.7294921875 -24235.24609375 -1.4723252058029175
12.105599999999999 -82.978515625 -24256.501953125 -1.3665579557418823
12.1152 -82.6318359375 -24277.26953125 -1.4074536561965942
12.1248 -82.8623046875 -24298.15234375 -1.3944361209869385
12.1344 -82.4970703125 -24319.298828125 -1.3879724740982056
12.143999999999998 -82.6181640625 -24341.126953125 -1.3834662437438965
12.153599999999999 -82.8408203125 -24362.3515625 -1.4073777198791504
12.1632 -82.58203125 -24382.90625 -1.3692443370819092
12.1728 -82.7978515625 -24403.806640625 -1.4165456295013428
12.1824 -82.66796875 -24424.71875 -1.3941158056259155
12.191999999999998 -82.626953125 -24446.3515625 -1.3915997743606567
12.2016 -82.73828125 -24467.078125 -1.4766240119934082
12.2112 -82.56640625 -24487.58203125 -1.3911463022232056
12.2208 -82.8740234375 -24506.642578125 -1.4241368770599365
12.2304 -82.79296875 -24528.513671875 -1.3418828248977661
12.239999999999998 -82.6953125 -24548.40234375 -1.386734127998352
12.249600000000001 -83.08203125 -24570.349609375 -1.3410215377807617
12.2592 -83.126953125 -24590.79296875 -1.3877712488174438
12.268799999999999 -82.7548828125 -24611.162109375 -1.4549680948257446
12.2784 -83.1220703125 -24631.26953125 -1.412140130996704
12.287999999999998 -82.7978515625 -24651.740234375 -1.3954195976257324
12.297600000000001 -82.81640625 -24672.759765625 -1.3944185972213745
12.3072 -83.0087890625 -24692.974609375 -1.4043048620224
12.316799999999999 -82.759765625 -24713.568359375 -1.3772666454315186
12.3264 -82.9658203125 -24734.6640625 -1.3749315738677979
12.335999999999999 -82.71484375 -24755.333984375 -1.3127315044403076
12.345600000000001 -82.83203125 -24776.333984375 -1.3840540647506714
12.3552 -82.822265625 -24796.94921875 -1.3806898593902588
12.364799999999999 -82.892578125 -24818.109375 -1.3980674743652344
12.3744 -82.8837890625 -24838.251953125 -1.3833247423171997
12.383999999999999 -82.7802734375 -24858.8828125 -1.4233115911483765
12.393600000000001 -82.7734375 -24880.8828125 -1.4461923837661743
12.4032 -82.841796875 -24902.990234375 -1.3972030878067017
12.412799999999999 -82.9970703125 -24923.470703125 -1.515100121498108
12.4224 -82.7041015625 -24943.51953125 -1.4183788299560547
12.431999999999999 -82.6611328125 -24963.73828125 -1.3943945169448853
12.4416 -82.705078125 -24983.537109375 -1.4097508192062378
12.4512 -82.55859375 -25003.849609375 -1.3644356727600098
12.460799999999999 -82.744140625 -25024.11328125 -1.4007233381271362
12.4704 -82.5029296875 -25045.287109375 -1.4267688989639282
12.479999999999999 -82.6953125 -25066.701171875 -1.324463129043579
12.4896 -82.537109375 -25086.7890625 -1.470339298248291
12.4992 -82.3857421875 -25106.279296875 -1.359113097190857
12.508799999999999 -82.1669921875 -25127.048828125 -1.3960285186767578
12.5184 -81.7841796875 -25147.5078125 -1.3315640687942505
12.527999999999999 -82.3271484375 -25168.904296875 -1.3930121660232544
12.5376 -82.6904296875 -25190.533203125 -1.4044601917266846
12.5472 -83.0791015625 -25212.3984375 -1.4265632629394531
12.556799999999999 -82.927734375 -25233.015625 -1.3821003437042236
12.566399999999998 -82.5439453125 -25253.7109375 -1.4318665266036987
12.576 -82.185546875 -25273.142578125 -1.3809508085250854
12.5856 -82.5634765625 -25293.58203125 -1.359797477722168
12.5952 -82.5703125 -25313.8125 -1.388213038444519
12.6048 -82.943359375 -25334.392578125 -1.478267788887024
12.614399999999998 -82.8984375 -25355.4375 -1.423792839050293
12.624 -83.3876953125 -25376.529296875 -1.4063081741333008
12.6336 -82.79296875 -25396.873046875 -1.3946305513381958
12.6432 -82.8095703125 -25416.943359375 -1.4284132719039917
12.6528 -82.81640625 -25436.578125 -1.3951091766357422
12.662399999999998 -82.48828125 -25457.796875 -1.3177547454833984
12.672 -82.6943359375 -25479.265625 -1.3683720827102661
12.6816 -82.6435546875 -25499.240234375 -1.3988779783248901
12.6912 -82.681640625 -25518.78125 -1.388890027999878
12.7008 -82.5751953125 -25538.83984375 -1.3922216892242432
12.710399999999998 -82.193359375 -25558.453125 -1.402190923690796
12.72 -82.0224609375 -25578.634765625 -1.2906670570373535
12.7296 -82.8583984375 -25598.109375 -1.3561159372329712
12.739199999999999 -82.3720703125 -25616.857421875 -1.2291513681411743
12.7488 -82.2431640625 -25636.689453125 -1.3437917232513428
12.758399999999998 -82.2734375 -25656.505859375 -1.3122907876968384
12.768 -82.208984375 -25677.140625 -1.3992714881896973
12.7776 -82.3251953125 -25697.22265625 -1.352482795715332
12.787199999999999 -82.5703125 -25717.365234375 -1.3064910173416138
12.7968 -82.19140625 -25737.333984375 -1.3195204734802246
12.806399999999998 -81.9638671875 -25758.462890625 -1.3420968055725098
12.816 -82.1708984375 -25778.83984375 -1.3881423473358154
12.8256 -81.7919921875 -25798.60546875 -1.3875293731689453
12.835199999999999 -82.3369140625 -25818.85546875 -1.3957375288009644
12.8448 -82.6025390625 -25839.8671875 -1.4035333395004272
12.854399999999998 -82.5634765625 -25860.111328125 -1.3223514556884766
12.864 -82.3203125 -25880.9453125 -1.4412585496902466
12.8736 -82.244140625 -25902.83203125 -1.3739534616470337
12.883199999999999 -82.39453125 -25922.8515625 -1.4266517162322998
12.8928 -82.3037109375 -25943.390625 -1.4288151264190674
12.9024 -82.2744140625 -25964.751953125 -1.370668649673462
12.911999999999999 -82.3466796875 -25984.111328125 -1.4105890989303589
12.9216 -82.353515625 -26004.427734375 -1.3371732234954834
12.931199999999999 -81.953125 -26024.412109375 -1.3688548803329468
12.9408 -82.732421875 -26044.265625 -1.287286639213562
12.9504 -82.806640625 -26063.70703125 -1.3226748704910278
12.959999999999999 -83.3837890625 -26084.0546875 -1.306511640548706
12.9696 -83.8232421875 -26103.876953125 -1.325831413269043
12.979199999999999 -83.9140625 -26122.966796875 -1.3268580436706543
12.988800000000001 -84.0 -26142.296875 -1.397379994392395
12.9984 -83.51171875 -26162.88671875 -1.2513469457626343
13.008 -83.572265625 -26183.716796875 -1.3167834281921387
13.0176 -83.63671875 -26204.54296875 -1.3467365503311157
13.027199999999999 -83.7001953125 -26225.12109375 -1.4067462682724
13.036799999999998 -83.75 -26245.5 -1.2837166786193848
13.0464 -83.7734375 -26266.322265625 -1.3888565301895142
13.056 -83.650390625 -26287.5078125 -1.370742678642273
13.0656 -83.4697265625 -26308.796875 -1.3235868215560913
13.075199999999999 -83.56640625 -26329.29296875 -1.271714687347412
13.084799999999998 -83.388671875 -26348.494140625 -1.335904836654663
13.0944 -83.2744140625 -26369.203125 -1.2967302799224854
13.104 -83.3408203125 -26389.43359375 -1.2676151990890503
13.1136 -83.185546875 -26410.9609375 -1.2695173025131226
13.123199999999999 -82.955078125 -26430.841796875 -1.3360029458999634
13.132799999999998 -83.064453125 -26450.484375 -1.3239538669586182
13.1424 -82.740234375 -26469.95703125 -1.247256875038147
13.152 -83.1083984375 -26489.47265625 -1.3702620267868042
13.1616 -83.8232421875 -26510.447265625 -1.3765398263931274
13.171199999999999 -84.0908203125 -26530.7421875 -1.3105825185775757
13.1808 -83.8623046875 -26550.6796875 -1.336658000946045
13.1904 -83.9384765625 -26570.552734375 -1.3275039196014404
13.2 -83.7255859375 -26591.537109375 -1.3070902824401855
13.209599999999998 -83.490234375 -26612.16796875 -1.3174877166748047
13.219199999999999 -83.7587890625 -26632.546875 -1.2596466541290283
13.2288 -83.5361328125 -26652.44140625 -1.3390754461288452
13.2384 -83.3916015625 -26672.177734375 -1.362162470817566
13.248 -83.318359375 -26691.44140625 -1.3497015237808228
13.257599999999998 -83.0947265625 -26711.49609375 -1.3636226654052734
13.267199999999999 -83.021484375 -26732.4140625 -1.322664737701416
13.2768 -82.6962890625 -26753.03125 -1.362133264541626
13.2864 -83.349609375 -26772.556640625 -1.333563208580017
13.296 -82.9248046875 -26793.23828125 -1.378567099571228
13.305599999999998 -82.9462890625 -26813.58203125 -1.3448456525802612
13.3152 -83.1279296875 -26833.99609375 -1.3165725469589233
13.3248 -83.2890625 -26854.18359375 -1.3331117630004883
13.3344 -83.6142578125 -26875.09765625 -1.387927770614624
13.344 -83.578125 -26894.87890625 -1.3478041887283325
13.353599999999998 -83.591796875 -26914.275390625 -1.385312557220459
13.3632 -83.4072265625 -26934.62890625 -1.3448659181594849
13.3728 -83.28515625 -26954.953125 -1.343396782875061
13.382399999999999 -83.0595703125 -26974.376953125 -1.3504667282104492
13.392 -83.193359375 -26993.7890625 -1.2851548194885254
13.401599999999998 -83.2802734375 -27013.408203125 -1.4035255908966064
13.411200000000001 -83.119140625 -27033.078125 -1.396947979927063
13.4208 -82.5048828125 -27052.828125 -1.3779951333999634
13.430399999999999 -83.0771484375 -27072.234375 -1.3730692863464355
13.44 -83.1689453125 -27093.5234375 -1.3510183095932007
13.449599999999998 -83.11328125 -27113.4375 -1.3602564334869385
13.459200000000001 -83.025390625 -27133.4296875 -1.3585703372955322
13.4688 -83.150390625 -27153.953125 -1.3819705247879028
13.478399999999999 -82.896484375 -27176.01171875 -1.3212394714355469
13.488 -82.953125 -27196.19921875 -1.3681271076202393
13.497599999999998 -83.4658203125 -27216.728515625 -1.2828502655029297
13.5072 -82.9638671875 -27236.958984375 -1.3275529146194458
13.5168 -82.939453125 -27256.64453125 -1.371109127998352
13.526399999999999 -83.29296875 -27277.01171875 -1.3210541009902954
13.536 -83.35546875 -27297.7421875 -1.3378692865371704
13.545599999999999 -83.41015625 -27318.53515625 -1.3625776767730713
13.5552 -83.1025390625 -27339.640625 -1.3132339715957642
13.5648 -83.267578125 -27360.4453125 -1.252867579460144
13.574399999999999 -82.775390625 -27382.2734375 -1.3055185079574585
13.584 -82.9599609375 -27403.201171875 -1.2871577739715576
13.593599999999999 -82.578125 -27423.7890625 -1.3047233819961548
13.6032 -82.2119140625 -27444.62109375 -1.2845674753189087
13.6128 -82.41015625 -27465.126953125 -1.3603363037109375
13.622399999999999 -82.4765625 -27486.3203125 -1.3395367860794067
13.632 -82.474609375 -27506.25390625 -1.3228628635406494
13.6416 -82.4169921875 -27525.28515625 -1.2399814128875732
13.6512 -82.4150390625 -27545.48828125 -1.282338261604309
13.6608 -82.9052734375 -27565.8125 -1.3029507398605347
13.670399999999999 -82.8994140625 -27585.29296875 -1.253790259361267
13.679999999999998 -82.869140625 -27605.6328125 -1.2649990320205688
13.6896 -83.0205078125 -27625.349609375 -1.3162516355514526
13.6992 -82.7734375 -27645.30078125 -1.2807101011276245
13.7088 -82.8896484375 -27665.875 -1.3381576538085938
13.718399999999999 -82.802734375 -27685.890625 -1.3480277061462402
13.727999999999998 -82.6513671875 -27705.796875 -1.2666707038879395
13.7376 -83.115234375 -27725.90234375 -1.2321233749389648
13.7472 -82.939453125 -27745.47265625 -1.1903778314590454
13.7568 -83.318359375 -27765.294921875 -1.2084945440292358
13.766399999999999 -83.1748046875 -27784.5390625 -1.1913172006607056
13.775999999999998 -83.0498046875 -27805.18359375 -1.198668360710144
13.7856 -82.5263671875 -27824.30078125 -1.12755286693573
13.7952 -82.98828125 -27845.025390625 -1.1331621408462524
13.8048 -83.337890625 -27865.67578125 -1.176155686378479
13.8144 -82.9794921875 -27886.8984375 -1.1251507997512817
13.823999999999998 -83.416015625 -27908.42578125 -1.2039741277694702
13.8336 -83.388671875 -27928.689453125 -1.2825192213058472
13.8432 -83.4521484375 -27948.923828125 -1.1924898624420166
13.852799999999998 -84.1611328125 -27968.80078125 -1.2107850313186646
13.8624 -84.2255859375 -27989.515625 -1.2558813095092773
13.871999999999998 -83.7900390625 -28009.666015625 -1.235032320022583
13.8816 -83.8388671875 -28029.865234375 -1.1856591701507568
13.8912 -83.7294921875 -28050.041015625 -1.2806340456008911
13.900799999999998 -83.869140625 -28069.9609375 -1.2484320402145386
13.9104 -83.400390625 -28091.021484375 -1.1743364334106445
13.919999999999998 -83.462890625 -28111.75 -1.073215365409851
13.9296 -83.3818359375 -28132.2890625 -1.2274128198623657
13.9392 -83.5673828125 -28152.716796875 -1.2202311754226685
13.948799999999999 -83.7333984375 -28173.30078125 -1.1508291959762573
13.9584 -83.7900390625 -28194.20703125 -1.236100435256958
13.968 -83.6181640625 -28214.1328125 -1.229379653930664
13.977599999999999 -84.1357421875 -28234.546875 -1.2240241765975952
13.9872 -84.0458984375 -28254.708984375 -1.2072906494140625
13.996799999999999 -83.701171875 -28275.119140625 -1.192515254020691
14.0064 -83.84375 -28295.544921875 -1.2299336194992065
14.016 -84.0263671875 -28316.34375 -1.303298830986023
14.025599999999999 -84.4609375 -28337.615234375 -1.1701960563659668
14.0352 -84.9814453125 -28358.8984375 -1.223717212677002
14.044799999999999 -84.689453125 -28379.4453125 -1.223712682723999
14.054400000000001 -84.6796875 -28400.8984375 -1.1819407939910889
14.064 -84.765625 -28421.36328125 -1.2338390350341797
14.073599999999999 -85.0458984375 -28442.35546875 -1.132735252380371
14.0832 -84.751953125 -28462.400390625 -1.2108639478683472
14.092799999999999 -84.7890625 -28484.0859375 -1.2435526847839355
14.102400000000001 -85.0068359375 -28505.48828125 -1.1957244873046875
14.112 -84.91015625 -28525.869140625 -1.2592206001281738
14.121599999999999 -84.623046875 -28546.037109375 -1.2008918523788452
14.1312 -84.9736328125 -28566.1484375 -1.128740668296814
14.140799999999999 -84.6591796875 -28586.78515625 -1.1806644201278687
14.150399999999998 -84.5751953125 -28608.087890625 -1.1783198118209839
14.16 -84.1328125 -28628.314453125 -1.1116056442260742
14.169599999999999 -84.283203125 -28647.916015625 -1.1110998392105103
14.1792 -84.5478515625 -28668.078125 -1.1059280633926392
14.188799999999999 -84.3427734375 -28688.138671875 -1.009147047996521
14.198399999999998 -84.8857421875 -28708.521484375 -0.998286247253418
14.208 -85.509765625 -28728.12890625 -1.049505591392517
14.2176 -84.775390625 -28747.859375 -1.0839143991470337
14.2272 -85.056640625 -28768.279296875 -1.1547398567199707
14.236799999999999 -84.490234375 -28790.048828125 -1.120659589767456
14.2464 -85.064453125 -28810.912109375 -1.1058309078216553
14.256 -85.076171875 -28831.34765625 -1.1242893934249878
14.2656 -84.990234375 -28851.224609375 -1.0621585845947266
14.2752 -84.9609375 -28870.73046875 -1.0549049377441406
14.284799999999999 -84.7744140625 -28890.49609375 -1.0117862224578857
14.2944 -85.2646484375 -28910.755859375 -1.0174009799957275
14.304 -84.919921875 -28932.0078125 -0.9955999851226807
14.3136 -84.9609375 -28953.810546875 -1.0188080072402954
14.323199999999998 -84.4462890625 -28974.85546875 -1.0828324556350708
14.332799999999999 -84.6318359375 -28995.328125 -1.0828734636306763
14.3424 -84.5380859375 -29016.70703125 -1.0123509168624878
14.352 -85.0380859375 -29036.63671875 -1.0174548625946045
14.3616 -85.044921875 -29057.0859375 -1.0687674283981323
14.371199999999998 -85.0078125 -29078.185546875 -1.0542656183242798
14.3808 -84.673828125 -29100.095703125 -1.0272094011306763
14.3904 -85.1416015625 -29120.83203125 -1.0952069759368896
14.4 -85.0068359375 -29141.26171875 -1.07236909866333
14.4096 -85.173828125 -29162.6640625 -1.117558240890503
14.419199999999998 -85.0830078125 -29183.8828125 -1.0895251035690308
14.4288 -85.1923828125 -29203.55078125 -1.0914288759231567
14.4384 -85.2646484375 -29224.177734375 -1.1706632375717163
14.447999999999999 -85.361328125 -29245.173828125 -1.123731255531311
14.4576 -85.7275390625 -29266.3125 -1.1453986167907715
