0.0 -31.27481460571289 6.438425064086914 2.4302079677581787
0.0096 -32.49482727050781 1.9543771743774414 2.235804319381714
0.0192 -33.94679641723633 -3.4764528274536133 2.1394875049591064
0.0288 -36.147605895996094 -9.372788429260254 2.098850727081299
0.0384 -38.1317138671875 -16.40212059020996 1.9748761653900146
0.047999999999999994 -41.22285079956055 -22.914060592651367 1.9584019184112549
0.0576 -43.24091339111328 -30.20795440673828 1.9200769662857056
0.0672 -45.33671569824219 -38.01301574707031 1.7949978113174438
0.0768 -47.7125358581543 -47.50761413574219 1.7322696447372437
0.0864 -49.6320915222168 -56.84807586669922 1.6449371576309204
0.09599999999999999 -52.19993591308594 -66.73636627197266 1.5678492784500122
0.1056 -54.4878044128418 -76.53439331054688 1.5319796800613403
0.1152 -56.67411422729492 -86.81647491455078 1.5015695095062256
0.1248 -59.27476501464844 -97.73224639892578 1.4733307361602783
0.1344 -61.1769905090332 -108.94950866699219 1.4085594415664673
0.144 -62.88241958618164 -120.64569091796875 1.3714067935943604
0.1536 -64.93763732910156 -133.1455078125 1.2838422060012817
0.1632 -67.06484985351563 -146.9037628173828 1.174542784690857
0.1728 -68.15534973144531 -160.97210693359375 1.2259273529052734
0.18239999999999998 -69.86095428466797 -174.6666259765625 1.1485105752944946
0.19199999999999998 -70.49626922607422 -188.83218383789063 1.0993106365203857
0.2016 -71.61756134033203 -202.98348999023438 1.0425069332122803
0.2112 -72.71122741699219 -217.98304748535156 1.0490747690200806
0.2208 -73.8808822631836 -232.6865997314453 0.9811362624168396
0.2304 -74.78996276855469 -248.3968048095703 1.0288861989974976
0.24 -74.8540267944336 -263.9570617675781 0.9825807809829712
0.2496 -75.31819915771484 -279.9501953125 1.0096672773361206
0.2592 -75.14104461669922 -296.70538330078125 1.032846450805664
0.2688 -75.36991119384766 -314.292236328125 1.0302423238754272
0.2784 -75.57228088378906 -331.9551696777344 1.020231008529663
0.288 -75.51597595214844 -350.33209228515625 0.9911306500434875
0.29760000000000003 -75.69874572753906 -368.7623291015625 0.965118944644928
0.3072 -75.74095153808594 -388.07122802734375 1.0248165130615234
0.31679999999999997 -76.081298828125 -407.6983642578125 0.975822925567627
0.3264 -76.92739868164063 -427.5018615722656 0.985103964805603
0.33599999999999997 -77.1219482421875 -447.06597900390625 0.9488139748573303
0.3456 -77.30299377441406 -467.71136474609375 0.973876416683197
0.35519999999999996 -77.59162902832031 -488.9273986816406 0.922534704208374
0.36479999999999996 -77.4332275390625 -510.152099609375 0.9650429487228394
0.3744 -77.56147766113281 -532.4111328125 0.969799280166626
0.38399999999999995 -77.46286010742188 -554.720703125 0.9947706460952759
0.3936 -77.51322937011719 -577.2123413085938 1.0003265142440796
0.4032 -77.3133544921875 -599.7064208984375 0.9816165566444397
0.41279999999999994 -76.94094848632813 -622.45166015625 1.088250756263733
0.4224 -77.26242065429688 -645.9033813476563 1.0118155479431152
0.43199999999999994 -77.27200317382813 -668.97021484375 1.0143216848373413
0.4416 -77.56576538085938 -692.6089477539063 0.9820262789726257
0.4512 -78.5517578125 -716.131103515625 1.060903787612915
0.4608 -78.6153564453125 -739.5482788085938 1.0687311887741089
0.4704 -79.46914672851563 -763.8922119140625 1.0586103200912476
0.48 -79.16854858398438 -788.5620727539063 1.0588610172271729
0.4896 -79.08673095703125 -814.216796875 0.9854535460472107
0.4992 -78.23471069335938 -840.08837890625 0.961514949798584
0.5088 -78.51702880859375 -865.205078125 1.0613644123077393
0.5184 -78.90631103515625 -891.700439453125 1.0021965503692627
0.5279999999999999 -78.90576171875 -918.3646240234375 0.9871163964271545
0.5376 -78.36044311523438 -944.7598266601563 0.9607815742492676
0.5472 -78.72021484375 -972.2415771484375 0.994884729385376
0.5568 -78.3929443359375 -999.80224609375 0.9253726005554199
0.5664 -78.43521118164063 -1027.6038818359375 0.8939229846000671
0.576 -78.52459716796875 -1055.584716796875 0.8589977622032166
0.5856 -79.02813720703125 -1083.52978515625 0.9445359706878662
0.5952000000000001 -79.89132690429688 -1111.851318359375 0.9590701460838318
0.6048 -80.45489501953125 -1141.3701171875 0.8949872255325317
0.6144 -80.0316162109375 -1170.6336669921875 0.9558219313621521
0.624 -80.3817138671875 -1199.70751953125 1.050190806388855
0.6335999999999999 -80.9779052734375 -1229.306640625 1.000907301902771
0.6432 -81.55853271484375 -1258.702880859375 0.956154465675354
0.6528 -81.8995361328125 -1289.57861328125 0.9779205918312073
0.6624 -82.127197265625 -1320.89892578125 1.0355383157730103
0.6719999999999999 -82.363037109375 -1351.9600830078125 0.8740760684013367
0.6815999999999999 -82.3912353515625 -1383.2445068359375 0.9762826561927795
0.6912 -82.37091064453125 -1414.8564453125 0.965364396572113
0.7008 -82.37750244140625 -1446.2667236328125 0.9875441789627075
0.7103999999999999 -82.38128662109375 -1477.91064453125 1.0260553359985352
0.72 -82.33740234375 -1509.46826171875 0.9441668391227722
0.7295999999999999 -83.01519775390625 -1541.0537109375 0.8806694149971008
0.7392 -82.91876220703125 -1574.034912109375 0.9539380073547363
0.7488 -83.2779541015625 -1607.0391845703125 0.9948821067810059
0.7584 -83.18182373046875 -1640.5262451171875 0.9813268184661865
0.7679999999999999 -82.981689453125 -1674.1087646484375 0.904085099697113
0.7776 -83.18145751953125 -1707.99365234375 0.9207407236099243
0.7872 -82.92822265625 -1742.081298828125 0.8844001293182373
0.7968 -82.46429443359375 -1776.1171875 0.9584699273109436
0.8064 -82.32330322265625 -1810.52685546875 0.9395965933799744
0.816 -82.68414306640625 -1845.685791015625 0.8832831978797913
0.8255999999999999 -82.8114013671875 -1880.4058837890625 0.8975450992584229
0.8352 -82.9425048828125 -1916.363037109375 0.973623514175415
0.8448 -83.198486328125 -1952.675537109375 0.9647758603096008
0.8543999999999999 -82.75006103515625 -1987.4765625 1.0566768646240234
0.8639999999999999 -82.741455078125 -2023.515380859375 1.0526169538497925
0.8735999999999999 -83.0052490234375 -2059.396240234375 1.0526455640792847
0.8832 -82.9051513671875 -2096.068115234375 0.9740313291549683
0.8927999999999999 -83.19586181640625 -2132.275146484375 0.9643662571907043
0.9024 -83.36773681640625 -2169.922607421875 0.8852276802062988
0.9119999999999999 -83.13531494140625 -2207.26708984375 0.9536014795303345
0.9216 -83.09063720703125 -2243.703857421875 1.034204125404358
0.9312 -83.15142822265625 -2280.413330078125 0.9744699597358704
0.9408 -83.10528564453125 -2318.0185546875 0.939267635345459
0.9503999999999999 -82.72479248046875 -2355.7802734375 0.9863831400871277
0.96 -83.3515625 -2393.5634765625 0.9181019067764282
0.9696 -83.8896484375 -2431.569580078125 0.8708418607711792
0.9792 -84.1168212890625 -2471.703125 0.8380737900733948
0.9888 -84.0394287109375 -2510.714111328125 0.9721063375473022
0.9984 -84.1031494140625 -2550.12255859375 1.0114256143569946
1.008 -84.24365234375 -2589.65673828125 1.0335643291473389
1.0176 -84.33447265625 -2629.29736328125 0.9850640296936035
1.0272 -84.4169921875 -2668.67724609375 1.012864351272583
1.0368 -84.296142578125 -2708.762939453125 0.8897448182106018
1.0464 -84.13525390625 -2748.18505859375 0.8711285591125488
1.0559999999999998 -84.3311767578125 -2787.715087890625 0.9281501173973083
1.0656 -83.6431884765625 -2828.67431640625 0.9095654487609863
1.0752 -84.3358154296875 -2870.80029296875 0.9471110701560974
1.0848 -83.7943115234375 -2912.72705078125 0.8925115466117859
1.0944 -84.229736328125 -2954.05908203125 0.8875790238380432
1.1039999999999999 -84.271240234375 -2995.656005859375 0.8179819583892822
1.1136 -83.86376953125 -3037.44140625 0.938183605670929
1.1232 -84.1904296875 -3078.802978515625 0.856034517288208
1.1328 -84.3409423828125 -3120.98876953125 0.9710530042648315
1.1423999999999999 -84.472900390625 -3163.6416015625 0.9597283601760864
1.152 -84.1998291015625 -3206.759765625 0.9588450789451599
1.1616 -84.62939453125 -3250.446044921875 0.894576370716095
1.1712 -84.517578125 -3293.789794921875 0.9402111768722534
1.1807999999999998 -84.582763671875 -3337.364501953125 0.9358758926391602
1.1904000000000001 -84.5931396484375 -3381.1396484375 0.8579156994819641
1.2 -84.7244873046875 -3424.465087890625 0.9059531092643738
1.2096 -84.6937255859375 -3468.38232421875 0.7759007215499878
1.2192 -84.4761962890625 -3512.782470703125 0.8131586313247681
1.2288 -84.58544921875 -3557.363037109375 0.859432578086853
1.2384 -84.65625 -3602.30029296875 0.9133729934692383
1.248 -84.474609375 -3647.374267578125 0.857490062713623
1.2575999999999998 -84.5465087890625 -3692.60595703125 0.833106279373169
1.2671999999999999 -84.5999755859375 -3738.96826171875 0.8265101313591003
1.2768000000000002 -84.528076171875 -3785.73388671875 0.8872223496437073
1.2864 -84.406005859375 -3832.118896484375 0.8773800730705261
1.296 -84.4439697265625 -3878.792236328125 0.9203457832336426
1.3056 -84.4976806640625 -3924.954833984375 0.8158497214317322
1.3152 -84.7044677734375 -3971.5810546875 0.8910207748413086
1.3248 -84.4974365234375 -4017.60107421875 0.8197911977767944
1.3343999999999998 -84.5235595703125 -4064.666259765625 0.8165377974510193
1.3439999999999999 -84.794921875 -4111.31298828125 0.8586639761924744
1.3536 -85.2578125 -4158.61279296875 0.8162959814071655
1.3631999999999997 -85.201416015625 -4206.16064453125 0.8605797290802002
1.3728 -85.1383056640625 -4254.158203125 0.8468056321144104
1.3824 -85.4033203125 -4301.38134765625 0.9450187683105469
1.392 -85.4114990234375 -4349.59375 0.8525758385658264
1.4016 -85.4437255859375 -4399.05615234375 0.8362004160881042
1.4112 -85.2613525390625 -4448.2509765625 0.8766936659812927
1.4207999999999998 -85.587646484375 -4497.76416015625 0.7946628928184509
1.4304 -85.7091064453125 -4546.40869140625 0.8103513717651367
1.44 -85.6856689453125 -4596.33056640625 0.8328907489776611
1.4495999999999998 -85.9952392578125 -4645.75 0.9712404608726501
1.4591999999999998 -86.129638671875 -4694.7939453125 0.9915335774421692
1.4688 -86.0936279296875 -4744.3408203125 1.0677586793899536
1.4784 -86.24072265625 -4793.8603515625 1.091139793395996
1.488 -86.378173828125 -4843.69921875 1.1152245998382568
1.4976 -86.37646484375 -4894.17724609375 1.0340200662612915
1.5071999999999999 -86.4580078125 -4944.53173828125 1.1946911811828613
1.5168 -86.334716796875 -4995.67236328125 1.0623356103897095
1.5264 -86.245849609375 -5046.82763671875 1.111794352531433
1.5359999999999998 -86.3232421875 -5096.96142578125 1.002449631690979
1.5455999999999999 -86.541015625 -5148.25 1.0176613330841064
1.5552 -86.563232421875 -5199.275390625 0.9947693943977356
1.5648 -86.586181640625 -5249.9912109375 1.1128056049346924
1.5744 -86.692138671875 -5301.287109375 1.0975359678268433
1.584 -86.873046875 -5352.82666015625 1.1995493173599243
1.5936 -86.797119140625 -5404.42431640625 1.0984790325164795
1.6032 -87.334228515625 -5456.6748046875 1.1798474788665771
1.6128 -87.635986328125 -5510.18408203125 1.2710654735565186
1.6223999999999998 -87.4326171875 -5563.3466796875 1.2217161655426025
1.632 -87.7275390625 -5616.3740234375 1.206923246383667
1.6415999999999997 -88.09423828125 -5669.884765625 1.264533519744873
1.6511999999999998 -88.220947265625 -5722.4443359375 1.4032233953475952
1.6608 -88.322021484375 -5775.6806640625 1.3276668787002563
1.6704 -88.201904296875 -5828.28271484375 1.195444941520691
1.68 -88.131591796875 -5882.00341796875 1.177443027496338
1.6896 -88.345458984375 -5935.25390625 1.1547534465789795
1.6991999999999998 -88.523681640625 -5988.7216796875 1.1901861429214478
1.7087999999999999 -88.544921875 -6042.033203125 1.2726889848709106
1.7184 -88.843017578125 -6094.94189453125 1.130886197090149
1.7279999999999998 -88.85205078125 -6148.7412109375 1.129507064819336
1.7375999999999998 -89.067626953125 -6203.09912109375 1.1365790367126465
1.7471999999999999 -88.661376953125 -6257.365234375 1.1330338716506958
1.7568000000000001 -88.701904296875 -6312.689453125 1.0580984354019165
1.7664 -88.850341796875 -6367.623046875 1.1129786968231201
1.776 -88.798095703125 -6421.8564453125 0.9939877986907959
1.7855999999999999 -88.901123046875 -6476.68994140625 1.0996763706207275
1.7952 -88.702392578125 -6523.130859375 1.1235469579696655
1.8048 -88.6494140625 -6578.0986328125 1.1223114728927612
1.8143999999999998 -89.05908203125 -6630.78369140625 1.228701114654541
1.8239999999999998 -88.520263671875 -6683.650390625 1.120642066001892
1.8336 -88.364501953125 -6738.91259765625 1.0442266464233398
1.8432 -88.57568359375 -6783.08251953125 1.0151312351226807
1.8528 -88.70361328125 -6767.84765625 0.9835394620895386
1.8624 -88.49462890625 -6782.228515625 1.1125303506851196
1.8719999999999999 -89.05322265625 -6831.3056640625 1.0958163738250732
1.8816 -88.9970703125 -6886.8876953125 1.0363937616348267
1.8912 -88.69482421875 -6935.9267578125 1.083168387413025
1.9007999999999998 -88.798095703125 -6956.10107421875 0.9940420985221863
1.9103999999999999 -88.767822265625 -7000.8173828125 1.0016090869903564
1.92 -88.649658203125 -7037.544921875 1.072874665260315
1.9295999999999998 -88.759033203125 -7047.68896484375 1.0769295692443848
1.9392 -88.741943359375 -7013.84912109375 0.9862554669380188
1.9488 -88.9716796875 -6972.72802734375 1.0072075128555298
1.9584 -88.86767578125 -6933.81494140625 1.0260469913482666
1.968 -88.837890625 -6889.6328125 1.1181360483169556
1.9776 -88.74609375 -6835.39794921875 1.1121145486831665
1.9871999999999999 -88.695068359375 -6782.1865234375 1.0133113861083984
1.9968 -88.577392578125 -6727.2919921875 1.0638163089752197
2.0063999999999997 -88.622314453125 -6680.80615234375 1.0488297939300537
2.016 -88.6064453125 -6625.578125 0.9642438888549805
2.0256 -88.793212890625 -6570.6875 1.020546555519104
2.0352 -88.75146484375 -6516.7578125 0.9982419013977051
2.0448 -88.84619140625 -6462.6494140625 0.9633968472480774
2.0544 -88.9306640625 -6407.619140625 1.0057883262634277
2.064 -88.834716796875 -6352.720703125 0.9731459617614746
2.0736 -89.0166015625 -6297.751953125 1.047186255455017
2.0831999999999997 -89.045166015625 -6242.560546875 0.9707255363464355
2.0928 -88.7275390625 -6187.255859375 1.0661648511886597
2.1024 -88.64404296875 -6133.16650390625 1.0626083612442017
2.1119999999999997 -88.8486328125 -6079.2431640625 1.1416985988616943
2.1216 -88.945068359375 -6025.0849609375 1.144093632698059
2.1312 -88.966796875 -5971.56640625 1.0581879615783691
2.1408 -89.046142578125 -5917.98046875 1.0927891731262207
2.1504 -89.26123046875 -5864.62939453125 1.0813788175582886
2.16 -89.0302734375 -5810.7939453125 1.0963358879089355
2.1696 -89.066650390625 -5757.83154296875 1.1302863359451294
2.1792 -89.08740234375 -5706.01025390625 1.2512671947479248
2.1888 -88.984375 -5653.4931640625 1.1808513402938843
2.1984 -89.12158203125 -5600.8193359375 1.1444413661956787
2.2079999999999997 -89.1201171875 -5548.66845703125 1.1651123762130737
2.2175999999999996 -88.98876953125 -5495.63232421875 1.1126539707183838
2.2272 -89.4248046875 -5442.43798828125 1.1263474225997925
2.2368 -89.040283203125 -5390.18896484375 1.131059169769287
2.2464 -89.049072265625 -5338.6865234375 1.1576827764511108
2.256 -88.67041015625 -5286.88330078125 1.1444224119186401
2.2656 -88.593994140625 -5235.3740234375 1.1165684461593628
2.2752 -88.618896484375 -5184.845703125 1.1429836750030518
2.2847999999999997 -88.777099609375 -5133.25390625 1.181199550628662
2.2944 -88.517822265625 -5082.7001953125 1.1727889776229858
2.304 -88.3916015625 -5032.07421875 1.1015498638153076
2.3135999999999997 -88.520263671875 -4981.1435546875 1.1279183626174927
2.3232 -88.491943359375 -4930.6640625 1.1621425151824951
2.3327999999999998 -88.587890625 -4880.89599609375 1.1372607946395874
2.3424 -88.374755859375 -4830.99462890625 1.1749727725982666
2.352 -88.496826171875 -4781.54541015625 1.104626178741455
2.3615999999999997 -88.6624755859375 -4733.373046875 1.122151255607605
2.3712 -88.8604736328125 -4685.083984375 1.1458604335784912
2.3808000000000002 -89.1029052734375 -4636.5478515625 1.1934391260147095
2.3903999999999996 -89.044189453125 -4587.224609375 1.1941221952438354
2.4 -89.26513671875 -4538.0 1.117486596107483
2.4095999999999997 -89.0533447265625 -4489.650390625 1.1312353610992432
2.4192 -89.2916259765625 -4441.16162109375 1.0851202011108398
2.4288 -89.207275390625 -4393.27587890625 1.1867674589157104
2.4384 -89.1834716796875 -4344.3671875 1.1258126497268677
2.4479999999999995 -88.76318359375 -4296.259765625 1.1583443880081177
2.4576 -89.0732421875 -4248.248046875 1.1412967443466187
2.4672 -89.207763671875 -4199.802734375 1.147568941116333
2.4768 -88.8531494140625 -4152.400390625 1.1300402879714966
2.4864 -88.9371337890625 -4105.26171875 1.1205003261566162
2.496 -88.8968505859375 -4058.8681640625 1.130506992340088
2.5056 -89.049560546875 -4011.00830078125 1.133103609085083
2.5151999999999997 -88.7286376953125 -3963.69287109375 1.1391327381134033
2.5248 -89.0306396484375 -3916.427001953125 1.0569825172424316
2.5343999999999998 -88.9188232421875 -3869.27587890625 1.1967793703079224
2.544 -89.0152587890625 -3822.1943359375 1.1279120445251465
2.5536000000000003 -88.7158203125 -3775.01611328125 1.108720064163208
2.5631999999999997 -88.5753173828125 -3728.43603515625 1.1138204336166382
2.5728 -88.7452392578125 -3681.478515625 1.217995047569275
2.5824 -88.6552734375 -3634.83056640625 1.2582831382751465
2.592 -88.670654296875 -3589.19970703125 1.2837163209915161
2.6016 -88.5986328125 -3543.642822265625 1.1936322450637817
2.6112 -88.4893798828125 -3498.015380859375 1.2070461511611938
2.6207999999999996 -88.418212890625 -3452.2822265625 1.1866600513458252
2.6304 -88.224609375 -3406.750732421875 1.1052333116531372
2.6399999999999997 -88.061279296875 -3361.9453125 1.059137225151062
2.6496 -88.60009765625 -3317.085205078125 1.0131386518478394
2.6592000000000002 -88.5609130859375 -3271.82763671875 1.1615660190582275
2.6687999999999996 -88.362548828125 -3227.052978515625 1.092707872390747
2.6784 -88.4951171875 -3182.6982421875 1.1460390090942383
2.6879999999999997 -88.4071044921875 -3138.128173828125 1.118977427482605
2.6976 -88.51171875 -3094.405029296875 1.0841120481491089
2.7072 -88.737060546875 -3050.389404296875 1.0391709804534912
2.7168 -88.306396484375 -3006.3037109375 1.0822491645812988
2.7263999999999995 -88.481201171875 -2962.394775390625 1.070774793624878
2.7359999999999998 -88.51318359375 -2919.2158203125 0.9951803088188171
2.7456 -88.36572265625 -2876.72509765625 0.9576447010040283
2.7552 -88.6802978515625 -2832.693359375 1.0161253213882446
2.7648 -88.2421875 -2789.15771484375 1.060926914215088
2.7744 -88.341064453125 -2746.5302734375 1.0178818702697754
2.784 -88.34033203125 -2703.758056640625 0.9466963410377502
2.7935999999999996 -88.4554443359375 -2661.07275390625 0.9257511496543884
2.8032 -88.417236328125 -2619.05029296875 0.9521908164024353
2.8127999999999997 -88.287353515625 -2577.29296875 1.0126155614852905
2.8224 -88.245361328125 -2535.890625 1.0117212533950806
2.8319999999999994 -88.5009765625 -2493.5244140625 1.012592077255249
2.8415999999999997 -88.4649658203125 -2452.440185546875 0.9931217432022095
2.8512 -88.1968994140625 -2411.595703125 1.0519407987594604
2.8608 -88.24468994140625 -2369.80078125 1.0782378911972046
2.8704 -88.01861572265625 -2327.770263671875 1.0956870317459106
2.88 -88.3018798828125 -2286.348388671875 1.0337557792663574
2.8896 -88.5023193359375 -2245.295166015625 1.0467196702957153
2.8991999999999996 -88.579833984375 -2204.089599609375 1.0096067190170288
2.9088 -88.2833251953125 -2163.4912109375 1.0064953565597534
2.9183999999999997 -88.1822509765625 -2122.7998046875 0.9067156910896301
2.928 -88.77911376953125 -2082.463134765625 1.0181043148040771
2.9376 -88.684814453125 -2042.4803466796875 1.1297518014907837
2.9471999999999996 -88.73828125 -2002.0390625 1.0164865255355835
2.9568 -88.73370361328125 -1962.031005859375 1.0130550861358643
2.9663999999999997 -88.78192138671875 -1921.9381103515625 0.9858553409576416
2.976 -88.3675537109375 -1882.4520263671875 0.9121066331863403
2.9856 -88.59332275390625 -1843.42431640625 1.0466662645339966
2.9952 -88.7100830078125 -1803.58984375 1.0751698017120361
3.0047999999999995 -88.347412109375 -1764.7772216796875 1.0477614402770996
3.0143999999999997 -88.46954345703125 -1725.423828125 1.0553542375564575
3.0239999999999996 -88.56011962890625 -1686.6390380859375 1.0189521312713623
3.0336 -88.669677734375 -1647.99365234375 0.9827765226364136
3.0432 -88.64154052734375 -1609.149658203125 0.9760785698890686
3.0528 -88.88165283203125 -1570.011962890625 1.0010104179382324
3.0624000000000002 -88.71160888671875 -1531.640380859375 1.0105448961257935
3.0719999999999996 -88.50506591796875 -1493.2950439453125 0.985906183719635
3.0816 -88.55230712890625 -1455.1170654296875 1.0330995321273804
3.0911999999999997 -88.56298828125 -1417.09033203125 1.0352122783660889
3.1008 -88.2454833984375 -1380.2078857421875 1.026435375213623
3.1104 -88.47918701171875 -1342.74658203125 0.9718199372291565
3.1199999999999997 -88.45245361328125 -1305.381591796875 1.021289587020874
3.1296 -88.14935302734375 -1267.8563232421875 0.9756589531898499
3.1391999999999998 -88.30355834960938 -1230.6044921875 0.990679919719696
3.1488 -88.38394165039063 -1193.8836669921875 0.9269663095474243
3.1584 -88.52731323242188 -1156.84326171875 1.0087217092514038
3.168 -88.52493286132813 -1119.835205078125 1.0853271484375
3.1775999999999995 -88.37088012695313 -1082.63818359375 0.9260329008102417
3.1872 -88.4833984375 -1046.72265625 0.9846064448356628
3.1967999999999996 -88.49301147460938 -1010.3233642578125 1.0497468709945679
3.2064 -88.607177734375 -973.9183349609375 1.067416787147522
3.216 -88.2742919921875 -937.8485717773438 1.0752451419830322
3.2256 -88.3516845703125 -902.5740966796875 1.0784286260604858
3.2352 -88.8748779296875 -866.4010009765625 1.0328617095947266
3.2447999999999997 -88.3919677734375 -831.2896728515625 1.0188543796539307
3.2544 -88.70199584960938 -795.2247314453125 1.0767320394515991
3.264 -88.77252197265625 -759.3986206054688 1.0339202880859375
3.2736 -88.88555908203125 -724.223876953125 1.033332109451294
3.2831999999999995 -89.00021362304688 -688.1873168945313 1.1165828704833984
3.2927999999999997 -88.92538452148438 -653.123779296875 1.080930233001709
3.3023999999999996 -88.74440002441406 -618.3367309570313 1.0892038345336914
3.312 -88.7200927734375 -582.8870849609375 1.0604310035705566
3.3216 -88.885498046875 -548.1771850585938 1.0468093156814575
3.3312 -88.69793701171875 -513.8967895507813 0.9435781240463257
3.3408 -89.12446594238281 -479.08001708984375 0.9915885925292969
3.3503999999999996 -89.12454223632813 -445.46240234375 1.0315319299697876
3.36 -89.31684875488281 -411.2543640136719 0.9780154228210449
3.3695999999999997 -89.23335266113281 -377.477294921875 0.9193475842475891
3.3792 -89.12373352050781 -343.6033935546875 0.9375808238983154
3.3888 -89.24989318847656 -310.26483154296875 0.8866275548934937
3.3983999999999996 -89.41048431396484 -277.05535888671875 0.9663254022598267
3.408 -89.06137084960938 -243.7916259765625 0.9090532064437866
3.4175999999999997 -89.14415740966797 -209.84022521972656 0.9416956901550293
3.4272 -89.08828735351563 -177.03578186035156 1.0021262168884277
3.4368 -89.44476318359375 -143.24154663085938 1.0130480527877808
3.4464 -89.35606384277344 -109.57556915283203 0.9666250348091125
3.4559999999999995 -89.39885711669922 -76.95661926269531 1.0953550338745117
3.4656 -89.56913757324219 -43.087806701660156 0.970809280872345
3.4751999999999996 -89.4056396484375 -10.019203186035156 0.912164032459259
3.4848 -89.64546966552734 22.78023910522461 0.9528822898864746
3.4943999999999997 -89.62194061279297 55.15498352050781 0.9920433163642883
3.504 -89.37123107910156 86.64222717285156 0.9821881055831909
3.5136000000000003 -89.64241027832031 118.43527221679688 0.9983475208282471
3.5231999999999997 -89.35978698730469 150.70651245117188 1.059274673461914
3.5328 -89.41033935546875 182.75376892089844 1.0977755784988403
3.5423999999999998 -89.05873107910156 214.05221557617188 1.05821692943573
3.552 -89.31336212158203 245.226318359375 0.9764068126678467
3.5616 -89.5647964477539 276.35699462890625 0.9522614479064941
3.5711999999999997 -89.76055908203125 307.2890319824219 0.9952284097671509
3.5807999999999995 -89.87519836425781 337.7088317871094 0.932628333568573
3.5904 -89.71410369873047 368.57958984375 1.016240119934082
3.6 -89.47817993164063 400.14019775390625 0.9442825317382813
3.6096 -89.52372741699219 430.2304992675781 1.0009517669677734
3.6192 -89.67402648925781 459.6596374511719 0.994465708732605
3.6287999999999996 -89.51383972167969 489.01690673828125 1.0033700466156006
3.6384 -89.70506286621094 518.2950439453125 1.0598174333572388
3.6479999999999997 -89.8138427734375 547.4911499023438 1.0945117473602295
3.6576 -89.87397766113281 576.1590576171875 1.0666319131851196
3.6672 -89.87184143066406 604.6202392578125 1.0209916830062866
3.6768 -89.71726989746094 633.4456787109375 1.0762666463851929
3.6864 -89.81687927246094 663.0176391601563 1.1237428188323975
3.6959999999999997 -89.58566284179688 693.2508544921875 1.09785795211792
3.7056 -89.76467895507813 722.04150390625 1.0197877883911133
3.7152 -89.6181640625 750.44384765625 1.0096243619918823
3.7248 -89.53292846679688 778.5366821289063 0.997079610824585
3.7343999999999995 -89.5814208984375 806.5289306640625 1.071051836013794
3.7439999999999998 -89.83963012695313 835.1326293945313 1.028559923171997
3.7535999999999996 -89.56808471679688 863.5106201171875 1.0246151685714722
3.7632 -89.81710815429688 891.906494140625 1.0159540176391602
3.7727999999999997 -90.2681884765625 919.261962890625 1.1507811546325684
3.7824 -89.87353515625 946.6387939453125 1.0819792747497559
3.7920000000000003 -89.80905151367188 973.983642578125 1.0466818809509277
3.8015999999999996 -90.15802001953125 1001.306884765625 1.0541279315948486
3.8112 -90.10946655273438 1027.97607421875 1.0051110982894897
3.8207999999999998 -90.14547729492188 1055.0126953125 1.0171852111816406
3.8304 -90.13552856445313 1081.541748046875 1.068306803703308
3.84 -90.11239624023438 1108.243408203125 1.0773048400878906
3.8495999999999997 -90.02749633789063 1134.787841796875 1.1319117546081543
3.8591999999999995 -90.030517578125 1161.1746826171875 1.210499882698059
3.8688 -89.87454223632813 1187.927734375 1.130393385887146
3.8784 -89.99136352539063 1215.2039794921875 1.1269938945770264
3.888 -90.14071655273438 1241.558837890625 1.1309486627578735
3.8976 -89.91909790039063 1268.5164794921875 1.0929150581359863
3.9071999999999996 -90.42599487304688 1294.23681640625 1.1423165798187256
3.9168 -90.34634399414063 1319.0703125 1.0584570169448853
3.9263999999999997 -90.37664794921875 1345.0262451171875 1.0307674407958984
3.936 -90.26251220703125 1370.970703125 1.0955028533935547
3.9455999999999998 -90.3701171875 1396.32177734375 1.004176139831543
3.9552 -90.55401611328125 1421.2015380859375 0.9916978478431702
3.9647999999999994 -90.353271484375 1445.31787109375 1.0036382675170898
3.9743999999999997 -90.33001708984375 1470.2593994140625 1.089591383934021
3.984 -90.251708984375 1495.15283203125 1.1114505529403687
3.9936 -90.2037353515625 1519.2330322265625 1.0360221862792969
4.0032 -90.25885009765625 1542.384521484375 1.059779405593872
4.0127999999999995 -90.32708740234375 1566.105224609375 0.9815688133239746
4.0224 -90.45306396484375 1589.712646484375 1.10214102268219
4.032 -90.20965576171875 1613.971435546875 1.0667747259140015
4.0416 -90.14654541015625 1637.56103515625 1.0868909358978271
4.0512 -90.079833984375 1661.8802490234375 1.002646565437317
4.0607999999999995 -90.22283935546875 1686.26220703125 0.9817733764648438
4.0704 -90.2738037109375 1710.40087890625 0.977906346321106
4.08 -90.158935546875 1733.5343017578125 0.9660531282424927
4.0896 -90.1016845703125 1756.548583984375 1.035178303718567
4.0992 -90.202880859375 1779.88330078125 0.9940747618675232
4.1088 -90.13909912109375 1803.6141357421875 1.032484769821167
4.118399999999999 -90.197021484375 1827.0504150390625 1.0891233682632446
4.128 -90.18316650390625 1849.7896728515625 1.0447742938995361
4.1376 -90.2337646484375 1872.627685546875 1.0296993255615234
4.1472 -90.1573486328125 1894.5521240234375 1.0755666494369507
4.1568 -90.13671875 1916.4375 0.9285537600517273
4.166399999999999 -90.03228759765625 1938.7236328125 0.9762589931488037
4.176 -90.12548828125 1961.1063232421875 0.9896818399429321
4.1856 -90.023193359375 1982.98974609375 1.0660203695297241
4.1952 -90.41925048828125 2004.9931640625 1.001376986503601
4.2048 -90.119873046875 2026.703125 1.0326385498046875
4.2143999999999995 -90.1201171875 2048.65625 1.0728057622909546
4.223999999999999 -90.15594482421875 2069.888427734375 1.1018025875091553
4.2336 -90.2493896484375 2090.744140625 1.1196234226226807
4.2432 -90.2786865234375 2111.270263671875 1.1089699268341064
4.2528 -90.38079833984375 2133.051513671875 0.9916713237762451
4.2624 -90.44244384765625 2154.050537109375 0.9983713030815125
4.271999999999999 -90.12213134765625 2175.867919921875 1.0286617279052734
4.2816 -90.28851318359375 2196.352783203125 1.050330638885498
4.2912 -90.0625 2216.5078125 1.0583895444869995
4.3008 -89.8472900390625 2237.068115234375 1.0021164417266846
4.3104 -90.32281494140625 2256.96923828125 1.0553241968154907
4.32 -90.1732177734375 2276.857177734375 1.0399903059005737
4.329599999999999 -90.31878662109375 2296.7841796875 1.0520776510238647
4.3392 -90.20709228515625 2316.55859375 1.1255706548690796
4.3488 -90.2786865234375 2335.988525390625 1.092069149017334
4.3584 -90.38909912109375 2355.559326171875 1.119424819946289
4.368 -90.37030029296875 2373.927734375 1.0039786100387573
4.3776 -90.34332275390625 2393.235107421875 1.0583138465881348
4.3872 -90.42449951171875 2412.48828125 0.9801629185676575
4.3968 -90.2470703125 2431.748291015625 1.0288136005401611
4.4064 -90.43975830078125 2450.8173828125 1.0216156244277954
4.4159999999999995 -90.29742431640625 2468.768310546875 1.1145853996276855
4.4256 -90.27227783203125 2487.34130859375 1.0619916915893555
4.435199999999999 -90.43218994140625 2504.857421875 1.0431746244430542
4.4448 -90.3387451171875 2523.305908203125 1.057968020439148
4.4544 -90.1749267578125 2540.91162109375 1.1379070281982422
4.4639999999999995 -90.23779296875 2559.8154296875 0.9868484735488892
4.4736 -90.172119140625 2576.8232421875 1.0064202547073364
4.4832 -90.0904541015625 2595.524169921875 0.9928404688835144
4.4928 -90.214111328125 2613.16552734375 1.0065996646881104
4.5024 -90.2120361328125 2630.54931640625 1.0756481885910034
4.512 -90.00341796875 2648.60595703125 1.0898971557617188
4.521599999999999 -90.1279296875 2665.50634765625 1.006212830543518
4.5312 -90.3729248046875 2682.218017578125 1.164735198020935
4.5408 -90.272216796875 2698.197265625 1.1350306272506714
4.5504 -90.0721435546875 2715.01953125 1.1016896963119507
4.56 -90.236328125 2731.334716796875 1.0753991603851318
4.569599999999999 -90.1558837890625 2747.309814453125 1.0710159540176392
